(0.06666666666666667, [(3.25, -124.04379272460938, 1.5707963705062866, 13.88888931274414), (104.05559751722548, 3.25, 3.141592653589793, 13.88888888888889), (-84.07008361816406, -3.25, -4.4009141947981423e-17, 13.88888931274414), (3.25, -74.06037139892578, 1.5707963705062866, 13.88888931274414), (-3.25, 64.0511703491211, 4.71238899230957, 13.88888931274414)])
(0.13333333333333333, [(3.25, -123.14311981201172, 1.5707963705062866, 13.88888931274414), (103.14063641760085, 3.25, 3.141592653589793, 13.88888888888889), (-83.13452911376953, -3.25, -6.090422985876066e-17, 13.88888931274414), (3.25, -73.14186096191406, 1.5707963705062866, 13.88888931274414), (-3.25, 63.13629150390625, 4.71238899230957, 13.88888931274414)])
(0.26666666666666666, [(3.25, -121.29180908203125, 1.5707963705062866, 13.88888931274414), (101.29241559240553, 3.25, 3.141592653589793, 13.88888888888889), (-81.28646850585938, -3.25, -5.4420258821977994e-17, 13.88888931274414), (3.25, -71.28861236572266, 1.5707963705062866, 13.88888931274414), (-3.25, 61.290626525878906, 4.71238899230957, 13.88888931274414)])
(0.3333333333333333, [(3.25, -120.3641357421875, 1.5707963705062866, 13.88888931274414), (100.36454015307956, 3.25, 3.141592653589793, 13.88888888888889), (-80.35981750488281, -3.25, 4.613789125438664e-17, 13.88888931274414), (3.25, -70.3557357788086, 1.5707963705062866, 13.88888931274414), (-3.25, 60.35966873168945, 4.71238899230957, 13.88888931274414)])
(0.4, [(3.25, -119.43754577636719, 1.5707963705062866, 13.88888931274414), (99.43894293573167, 3.25, 3.141592653589793, 13.88888888888889), (-79.4313735961914, -3.25, -1.6730075966486747e-16, 13.88888931274414), (3.25, -69.42900085449219, 1.5707963705062866, 13.88888931274414), (-3.25, 59.43361282348633, 4.71238899230957, 13.88888931274414)])
(0.4666666666666667, [(3.25, -118.51115417480469, 1.5707963705062866, 13.88888931274414), (98.51326293415494, 3.25, 3.141592653589793, 13.88888888888889), (-78.5056381225586, -3.25, 1.2795513958772936e-16, 13.88888931274414), (3.25, -68.50820922851562, 1.5707963705062866, 13.88888931274414), (-3.25, 58.512874603271484, 4.71238899230957, 13.88888931274414)])
(0.5333333333333333, [(3.25, -117.43572235107422, 1.5707963705062866, 13.88888931274414), (97.58598685264587, 3.25, 3.141592653589793, 13.88888888888889), (-77.5752182006836, -3.25, -1.6338807625348344e-16, 13.88888931274414), (3.25, -67.58352661132812, 1.5707963705062866, 13.88888931274414), (-3.25, 57.58677673339844, 4.71238899230957, 13.88888931274414)])
(0.6, [(3.25, -116.66070556640625, 1.5707963705062866, 13.88888931274414), (96.66227711571588, 3.25, 3.141592653589793, 13.88888888888889), (-76.65692901611328, -3.25, 1.30654355657943e-16, 13.88888931274414), (3.25, -66.64897155761719, 1.5707963705062866, 13.88888931274414), (-3.25, 56.65955352783203, 4.71238899230957, 13.88888931274414)])
(0.6666666666666666, [(3.25, -115.73412322998047, 1.5707963705062866, 13.88888931274414), (95.73495798640782, 3.25, 3.141592653589793, 13.88888888888889), (-75.73283386230469, -3.25, -1.6093731876950113e-16, 13.88888931274414), (3.25, -65.7314682006836, 1.5707963705062866, 13.88888931274414), (-3.25, 55.73514175415039, 4.71238899230957, 13.88888931274414)])
(0.7333333333333333, [(3.25, -114.80774688720703, 1.5707963705062866, 13.88888931274414), (94.80884750684103, 3.25, 3.141592653589793, 13.88888888888889), (-74.8056640625, -3.25, 1.3306536876785336e-16, 13.88888931274414), (3.25, -64.80569458007812, 1.5707963705062866, 13.88888931274414), (-3.25, 54.80448532104492, 4.71238899230957, 13.88888931274414)])
(0.8, [(3.25, -113.88263702392578, 1.5707963705062866, 13.88888931274414), (93.88354168997871, 3.25, 3.141592653589793, 13.88888888888889), (-73.87518310546875, -3.25, -1.5947744425001854e-16, 13.88888931274414), (3.25, -63.881954193115234, 1.5707963705062866, 13.88888931274414), (-3.25, 53.8759880065918, 4.71238899230957, 13.88888931274414)])
(0.8666666666666667, [(3.25, -112.95658111572266, 1.5707963705062866, 13.88888931274414), (92.91670799255373, 3.25, 3.141592653589793, 13.88888888888889), (-72.94816589355469, -3.25, 1.3396970878794533e-16, 13.88888931274414), (3.25, -62.95344543457031, 1.5707963705062866, 13.88888931274414), (-3.25, 52.95761489868164, 4.71238899230957, 13.88888931274414)])
(0.9333333333333333, [(3.25, -112.03226470947266, 1.5707963705062866, 13.88888931274414), (92.03259560796951, 3.25, 3.141592653589793, 13.88888888888889), (-72.02766418457031, -3.25, -2.7682455496457186e-16, 13.88888931274414), (3.25, -62.026123046875, 1.5707963705062866, 13.88888931274414), (-3.25, 52.03180694580078, 4.71238899230957, 13.88888931274414)])
(1.0, [(3.25, -111.10446166992188, 1.5707963705062866, 13.88888931274414), (91.10565066337587, 3.25, 3.141592653589793, 13.88888888888889), (-71.09725189208984, -3.25, 2.1141124447277644e-16, 13.88888931274414), (3.25, -61.0961799621582, 1.5707963705062866, 13.88888931274414), (-3.25, 51.06069564819336, 4.71238899230957, 13.88888931274414)])
(1.0666666666666667, [(3.25, -110.17938995361328, 1.5707963705062866, 13.88888931274414), (90.12909478611418, 3.25, 3.141592653589793, 13.88888888888889), (-70.17578125, -3.25, -1.589681127509227e-16, 13.88888931274414), (3.25, -60.17531967163086, 1.5707963705062866, 13.88888931274414), (-3.25, 50.17927932739258, 4.71238899230957, 13.88888931274414)])
(1.1333333333333333, [(3.25, -109.1249008178711, 1.5707963705062866, 13.88888931274414), (89.25337341096667, 3.25, 3.141592653589793, 13.88888888888889), (-69.24301147460938, -3.25, 2.520619173285068e-16, 13.88888931274414), (3.25, -59.24428939819336, 1.5707963705062866, 13.88888931274414), (-3.25, 49.25297164916992, 4.71238899230957, 13.88888931274414)])
(1.2, [(3.25, -108.32601165771484, 1.5707963705062866, 13.88888931274414), (88.32841528786554, 3.25, 3.141592653589793, 13.88888888888889), (-68.3176498413086, -3.25, -2.3748228331455336e-16, 13.88888931274414), (3.25, -58.31520462036133, 1.5707963705062866, 13.88888931274414), (-3.25, 48.284584045410156, 4.71238899230957, 13.88888931274414)])
(1.2666666666666666, [(3.25, -107.40157318115234, 1.5707963705062866, 13.88888931274414), (87.40240083800423, 3.25, 3.141592653589793, 13.88888888888889), (-67.38908386230469, -3.25, 2.493800257290425e-16, 13.88888931274414), (3.25, -57.397178649902344, 1.5707963705062866, 13.88888931274414), (-3.25, 47.40182113647461, 4.71238899230957, 13.88888931274414)])
(1.3333333333333333, [(3.25, -106.42080688476562, 1.5707963705062866, 13.88888931274414), (86.47611154450311, 3.25, 3.141592653589793, 13.88888888888889), (-66.47125244140625, -3.25, -3.579305537025721e-16, 13.88888931274414), (3.25, -56.47141647338867, 1.5707963705062866, 13.88888931274414), (-3.25, 46.475807189941406, 4.71238899230957, 13.88888931274414)])
(1.4, [(3.25, -105.54878997802734, 1.5707963705062866, 13.88888931274414), (85.5502626630995, 3.25, 3.141592653589793, 13.88888888888889), (-65.53523254394531, -3.25, 2.0625535492283951e-16, 13.88888931274414), (3.25, -55.545875549316406, 1.5707963705062866, 13.88888931274414), (-3.25, 45.54307174682617, 4.71238899230957, 13.88888931274414)])
(1.4666666666666666, [(3.25, -104.62337493896484, 1.5707963705062866, 13.88888931274414), (84.62470849355061, 3.25, 3.141592653589793, 13.88888888888889), (-64.61419677734375, -3.25, -2.8396117812210376e-16, 13.88888931274414), (3.25, -54.58909606933594, 1.5707963705062866, 13.88888931274414), (-3.25, 44.62394714355469, 4.71238899230957, 13.88888931274414)])
(1.5333333333333334, [(3.25, -103.69697570800781, 1.5707963705062866, 13.88888931274414), (83.69708140691121, 3.25, 3.141592653589793, 13.88888888888889), (-63.69441604614258, -3.25, 2.0089812299436228e-16, 13.88888931274414), (3.25, -53.69281768798828, 1.5707963705062866, 13.88888931274414), (-3.25, 43.65062713623047, 4.71238899230957, 13.88888931274414)])
(1.6, [(3.25, -102.77137756347656, 1.5707963705062866, 13.88888931274414), (82.7723749478658, 3.25, 3.141592653589793, 13.88888888888889), (-62.7606086730957, -3.25, -1.7289530640236372e-16, 13.88888931274414), (3.25, -52.75444412231445, 1.5707963705062866, 13.88888931274414), (-3.25, 42.7655143737793, 4.71238899230957, 13.88888931274414)])
(1.6666666666666667, [(3.25, -101.84520721435547, 1.5707963705062866, 13.88888931274414), (81.84616512722438, 3.25, 3.141592653589793, 13.88888888888889), (-61.834110260009766, -3.25, 2.3480208578098355e-16, 13.88888931274414), (3.25, -51.838829040527344, 1.5707963705062866, 13.88888931274414), (-3.25, 41.84623718261719, 4.71238899230957, 13.88888931274414)])
(1.7333333333333334, [(3.25, -100.91877746582031, 1.5707963705062866, 13.88888931274414), (80.92059771219888, 3.25, 3.141592653589793, 13.88888888888889), (-60.91583251953125, -3.25, -2.5659087014857755e-16, 13.88888931274414), (3.25, -50.906009674072266, 1.5707963705062866, 13.88888931274414), (-3.25, 40.91536331176758, 4.71238899230957, 13.88888931274414)])
(1.8, [(3.25, -99.99284362792969, 1.5707963705062866, 13.88888931274414), (79.9944441848331, 3.25, 3.141592653589793, 13.88888888888889), (-59.99420928955078, -3.25, 3.4502624497916923e-16, 13.88888931274414), (3.25, -49.97949981689453, 1.5707963705062866, 13.88888931274414), (-3.25, 39.989707946777344, 4.71238899230957, 13.88888931274414)])
(1.8666666666666667, [(3.25, -99.06808471679688, 1.5707963705062866, 13.88888931274414), (79.06858205795288, 3.25, 3.141592653589793, 13.88888888888889), (-59.06258010864258, -3.25, -2.253621153420712e-16, 13.88888931274414), (3.25, -49.05670928955078, 1.5707963705062866, 13.88888931274414), (-3.25, 39.066986083984375, 4.71238899230957, 13.88888931274414)])
(1.9333333333333333, [(3.25, -98.14116668701172, 1.5707963705062866, 13.88888931274414), (78.14155432913039, 3.25, 3.141592653589793, 13.88888888888889), (-58.136539459228516, -3.25, 3.7652417097444526e-16, 13.88888931274414), (3.25, -48.126319885253906, 1.5707963705062866, 13.88888931274414), (-3.25, 38.13502883911133, 4.71238899230957, 13.88888931274414)])
(2.0, [(3.25, -97.19019317626953, 1.5707963705062866, 13.88888931274414), (77.19555576642354, 3.25, 3.141592653589793, 13.88888888888889), (-57.20809555053711, -3.25, -3.126830595118722e-16, 13.88888931274414), (3.25, -47.18312454223633, 1.5707963705062866, 13.88888931274414), (-3.25, 37.19009780883789, 4.71238899230957, 13.88888931274414)])
(2.066666666666667, [(3.25, -96.2900390625, 1.5707963705062866, 13.88888931274414), (76.29130363464355, 3.25, 3.141592653589793, 13.88888888888889), (-56.28684616088867, -3.25, 3.646636186002965e-16, 13.88888931274414), (3.25, -46.28326416015625, 1.5707963705062866, 13.88888931274414), (-3.25, 36.29054260253906, 4.71238899230957, 13.88888931274414)])
(2.1333333333333333, [(3.25, -95.36284637451172, 1.5707963705062866, 13.88888931274414), (75.36472294065688, 3.25, 3.141592653589793, 13.88888888888889), (-55.35893249511719, -3.25, -3.2514519056702873e-16, 13.88888931274414), (3.25, -45.35277557373047, 1.5707963705062866, 13.88888931274414), (-3.25, 35.36031723022461, 4.71238899230957, 13.88888931274414)])
(2.2, [(3.25, -94.43685913085938, 1.5707963705062866, 13.88888931274414), (74.43940056694879, 3.25, 3.141592653589793, 13.88888888888889), (-54.43193054199219, -3.25, 3.524553592012999e-16, 13.88888931274414), (3.25, -44.42412185668945, 1.5707963705062866, 13.88888931274414), (-3.25, 34.43598556518555, 4.71238899230957, 13.88888931274414)])
(2.2666666666666666, [(3.25, -93.51151275634766, 1.5707963705062866, 13.88888931274414), (73.51298544141981, 3.25, 3.141592653589793, 13.88888888888889), (-53.50641632080078, -3.25, -3.3758895159514165e-16, 13.88888931274414), (3.25, -43.50531768798828, 1.5707963705062866, 13.88888931274414), (-3.25, 33.51264190673828, 4.71238899230957, 13.88888931274414)])
(2.3333333333333335, [(3.25, -92.58637237548828, 1.5707963705062866, 13.88888931274414), (72.58754054705302, 3.25, 3.141592653589793, 13.88888888888889), (-52.579002380371094, -3.25, 3.393943229128754e-16, 13.88888931274414), (3.25, -42.57384490966797, 1.5707963705062866, 13.88888931274414), (-3.25, 32.58247375488281, 4.71238899230957, 13.88888931274414)])
(2.4, [(3.25, -91.6605224609375, 1.5707963705062866, 13.88888931274414), (71.66159563594395, 3.25, 3.141592653589793, 13.88888888888889), (-51.64909362792969, -3.25, -3.5188374431080124e-16, 13.88888931274414), (3.25, -41.64962387084961, 1.5707963705062866, 13.88888931274414), (-3.25, 31.661195755004883, 4.71238899230957, 13.88888931274414)])
(2.466666666666667, [(3.25, -90.7347640991211, 1.5707963705062866, 13.88888931274414), (70.73031942049663, 3.25, 3.141592653589793, 13.88888888888889), (-50.728458404541016, -3.25, 3.2361060509462035e-16, 13.88888931274414), (3.25, -40.72663879394531, 1.5707963705062866, 13.88888931274414), (-3.25, 30.73457145690918, 4.71238899230957, 13.88888931274414)])
(2.533333333333333, [(3.25, -89.80784606933594, 1.5707963705062866, 13.88888931274414), (69.80960978402032, 3.25, 3.141592653589793, 13.88888888888889), (-49.806793212890625, -3.25, -3.6708057417572746e-16, 13.88888931274414), (3.25, -39.79683303833008, 1.5707963705062866, 13.88888931274414), (-3.25, 29.804100036621094, 4.71238899230957, 13.88888931274414)])
(2.6666666666666665, [(3.25, -87.95720672607422, 1.5707963705062866, 13.88888931274414), (67.95768022537233, 3.25, 3.141592653589793, 13.88888888888889), (-47.95198440551758, -3.25, -2.6537121367981563e-16, 13.88888931274414), (3.25, -37.950843811035156, 1.5707963705062866, 13.88888931274414), (-3.25, 27.957387924194336, 4.71238899230957, 13.88888931274414)])
(2.7333333333333334, [(3.25, -86.97582244873047, 1.5707963705062866, 13.88888931274414), (67.03063925107321, 3.25, 3.141592653589793, 13.88888888888889), (-47.02164077758789, -3.25, 2.1456844066965864e-16, 13.88888931274414), (3.25, -37.02796936035156, 1.5707963705062866, 13.88888931274414), (-3.25, 27.03118324279785, 4.71238899230957, 13.88888931274414)])
(2.8, [(3.25, -86.1049575805664, 1.5707963705062866, 13.88888931274414), (66.1058466964298, 3.25, 3.141592653589793, 13.88888888888889), (-46.096473693847656, -3.25, -1.6452081076686866e-16, 13.88888931274414), (3.25, -36.102108001708984, 1.5707963705062866, 13.88888931274414), (-3.25, 26.054500579833984, 4.71238899230957, 13.88888931274414)])
(2.8666666666666667, [(3.25, -85.17912292480469, 1.5707963705062866, 13.88888931274414), (65.1798885398441, 3.25, 3.141592653589793, 13.88888888888889), (-45.159690856933594, -3.25, 2.38371959076746e-16, 13.88888931274414), (3.25, -35.17227554321289, 1.5707963705062866, 13.88888931274414), (-3.25, 25.179473876953125, 4.71238899230957, 13.88888931274414)])
(2.933333333333333, [(3.25, -84.25340270996094, 1.5707963705062866, 13.88888931274414), (64.25502644644844, 3.25, 3.141592653589793, 13.88888888888889), (-44.25279235839844, -3.25, -2.5752085938510357e-16, 13.88888931274414), (3.25, -34.245914459228516, 1.5707963705062866, 13.88888931274414), (-3.25, 24.25200080871582, 4.71238899230957, 13.88888931274414)])
(3.0, [(3.25, -83.32669067382812, 1.5707963705062866, 13.88888931274414), (63.327998717625945, 3.25, 3.141592653589793, 13.88888888888889), (-43.313446044921875, -3.25, 3.407393318237764e-16, 13.88888931274414), (3.25, -33.32180404663086, 1.5707963705062866, 13.88888931274414), (-3.25, 23.32282066345215, 4.71238899230957, 13.88888931274414)])
(3.066666666666667, [(3.25, -82.40106964111328, 1.5707963705062866, 13.88888931274414), (62.40243130260045, 3.25, 3.141592653589793, 13.88888888888889), (-42.389305114746094, -3.25, -2.348540459583417e-16, 13.88888931274414), (3.25, -32.39421844482422, 1.5707963705062866, 13.88888931274414), (-3.25, 22.4013614654541, 4.71238899230957, 13.88888931274414)])
(3.1333333333333333, [(3.25, -81.47405242919922, 1.5707963705062866, 13.88888931274414), (61.47594332695009, 3.25, 3.141592653589793, 13.88888888888889), (-41.4625244140625, -3.25, 3.613312056973409e-16, 13.88888931274414), (3.25, -31.460485458374023, 1.5707963705062866, 13.88888931274414), (-3.25, 21.471277236938477, 4.71238899230957, 13.88888931274414)])
(3.2, [(3.25, -80.54830932617188, 1.5707963705062866, 13.88888931274414), (60.550650755564384, 3.25, 3.141592653589793, 13.88888888888889), (-40.536014556884766, -3.25, -3.329894038728732e-16, 13.88888931274414), (3.25, -30.538497924804688, 1.5707963705062866, 13.88888931274414), (-3.25, 20.55004119873047, 4.71238899230957, 13.88888931274414)])
(3.2666666666666666, [(3.25, -79.62264251708984, 1.5707963705062866, 13.88888931274414), (59.62065272861058, 3.25, 3.141592653589793, 13.88888888888889), (-39.61445617675781, -3.25, 3.385851682202311e-16, 13.88888931274414), (3.25, -29.615013122558594, 1.5707963705062866, 13.88888931274414), (-3.25, 19.623708724975586, 4.71238899230957, 13.88888931274414)])
(3.3333333333333335, [(3.25, -78.6971664428711, 1.5707963705062866, 13.88888931274414), (58.69841655095419, 3.25, 3.141592653589793, 13.88888888888889), (-38.68559646606445, -3.25, -3.5737317955349915e-16, 13.88888931274414), (3.25, -28.68692970275879, 1.5707963705062866, 13.88888931274414), (-3.25, 18.694124221801758, 4.71238899230957, 13.88888931274414)])
(3.4, [(3.25, -77.77183532714844, 1.5707963705062866, 13.88888931274414), (57.77237561013965, 3.25, 3.141592653589793, 13.88888888888889), (-37.7709846496582, -3.25, 3.1255076355342294e-16, 13.88888931274414), (3.25, -27.760984420776367, 1.5707963705062866, 13.88888931274414), (-3.25, 17.76841926574707, 4.71238899230957, 13.88888931274414)])
(3.466666666666667, [(3.25, -76.84613800048828, 1.5707963705062866, 13.88888931274414), (56.84651348325943, 3.25, 3.141592653589793, 13.88888888888889), (-36.8421516418457, -3.25, -3.836085957266026e-16, 13.88888931274414), (3.25, -26.83234405517578, 1.5707963705062866, 13.88888931274414), (-3.25, 16.844999313354492, 4.71238899230957, 13.88888931274414)])
(3.533333333333333, [(3.25, -75.92040252685547, 1.5707963705062866, 13.88888931274414), (55.91985993915136, 3.25, 3.141592653589793, 13.88888888888889), (-35.92073440551758, -3.25, 2.8698069176038773e-16, 13.88888931274414), (3.25, -25.90598487854004, 1.5707963705062866, 13.566865921020508), (-3.25, 15.913515090942383, 4.71238899230957, 13.88888931274414)])
(3.6, [(3.25, -74.99308013916016, 1.5707963705062866, 13.88888931274414), (54.994067351023375, 3.25, 3.141592653589793, 13.88888888888889), (-34.99026107788086, -3.25, -2.919794831683886e-16, 13.88888931274414), (3.25, -24.999216079711914, 1.5707963705062866, 13.228460311889648), (-3.25, 14.987113952636719, 4.71238899230957, 13.88888931274414)])
(3.7333333333333334, [(3.25, -73.1415786743164, 1.5707963705062866, 13.88888931274414), (53.14295901192561, 3.25, 3.141592653589793, 13.88888888888889), (-33.139888763427734, -3.25, -2.0089501279525908e-16, 13.88888931274414), (3.25, -23.26111602783203, 1.5707963705062866, 12.554327964782715), (-3.25, 13.135180473327637, 4.71238899230957, 13.88888931274414)])
(3.8, [(3.25, -72.21534729003906, 1.5707963705062866, 13.88888931274414), (52.21680548455982, 3.25, 3.141592653589793, 13.88888888888889), (-32.21626281738281, -3.25, 1.961127309495103e-16, 13.88888931274414), (3.25, -22.428022384643555, 1.5707963705062866, 12.218029022216797), (-3.25, 12.17408561706543, 4.71238899230957, 13.88888931274414)])
(3.8666666666666667, [(3.25, -71.28929138183594, 1.5707963705062866, 13.88888931274414), (51.29065195719403, 3.25, 3.141592653589793, 13.88888888888889), (-31.2868595123291, -3.25, -1.8854019022660786e-16, 13.88888931274414), (3.25, -21.612689971923828, 1.5707963705062866, 11.879684448242188), (-3.25, 11.290472984313965, 4.71238899230957, 13.88888931274414)])
(3.933333333333333, [(3.25, -70.36569213867188, 1.5707963705062866, 13.88888931274414), (50.36365071932477, 3.25, 3.141592653589793, 13.88888888888889), (-30.365873336791992, -3.25, 2.077089428696667e-16, 13.88888931274414), (3.25, -20.820980072021484, 1.5707963705062866, 11.541655540466309), (-3.25, 10.357680320739746, 4.71238899230957, 13.88888931274414)])
(4.0, [(3.25, -69.43795776367188, 1.5707963705062866, 13.88888931274414), (49.43972243203059, 3.25, 3.141592653589793, 13.88888888888889), (-29.41979217529297, -3.25, -1.7884319822776302e-16, 13.88888931274414), (3.25, -20.044042587280273, 1.5707963705062866, 11.200018882751465), (-3.25, 9.434100151062012, 4.71238899230957, 13.88888931274414)])
(4.066666666666666, [(3.25, -68.513427734375, 1.5707963705062866, 13.88888931274414), (48.51390335294938, 3.25, 3.141592653589793, 13.88888888888889), (-28.508594512939453, -3.25, 2.1559827391484226e-16, 13.88888931274414), (3.25, -19.27213478088379, 1.5707963705062866, 10.849946975708008), (-3.25, 8.512876510620117, 4.71238899230957, 13.88888931274414)])
(4.133333333333334, [(3.25, -67.58655548095703, 1.5707963705062866, 13.88888931274414), (47.5872067610423, 3.25, 3.141592653589793, 13.88888888888889), (-27.58224868774414, -3.25, -1.7009248761478904e-16, 13.88888931274414), (3.25, -18.577425003051758, 1.5707963705062866, 10.524933815002441), (-3.25, 7.582236289978027, 4.71238899230957, 13.88888931274414)])
(4.2, [(3.25, -66.65784454345703, 1.5707963705062866, 13.88888931274414), (46.66119231118099, 3.25, 3.141592653589793, 13.88888888888889), (-26.650318145751953, -3.25, 2.257667853326219e-16, 13.838467597961426), (3.25, -17.87608528137207, 1.5707963705062866, 10.186307907104492), (-3.25, 6.6557087898254395, 4.71238899230957, 13.88888931274414)])
(4.266666666666667, [(3.25, -65.73562622070312, 1.5707963705062866, 13.88888931274414), (45.73638651106096, 3.25, 3.141592653589793, 13.88888888888889), (-25.738916397094727, -3.25, -2.757146771058727e-16, 13.505152702331543), (3.25, -17.204370498657227, 1.5707963705062866, 9.851076126098633), (-3.25, 5.735764026641846, 4.71238899230957, 13.88888931274414)])
(4.333333333333333, [(3.25, -64.81002807617188, 1.5707963705062866, 13.88888931274414), (44.81084558698869, 3.25, 3.141592653589793, 13.88888888888889), (-24.839162826538086, -3.25, 2.9796914430599937e-16, 13.167825698852539), (3.25, -16.547420501708984, 1.5707963705062866, 9.51179313659668), (-3.25, 4.806918144226074, 4.71238899230957, 13.88888931274414)])
(4.4, [(3.25, -63.88427734375, 1.5707963705062866, 13.88888931274414), (43.88506955570648, 3.25, 3.141592653589793, 13.88888888888889), (-23.956523895263672, -3.25, -1.4225481597772546e-16, 12.828298568725586), (3.25, -15.899221420288086, 1.5707963705062866, 9.164727210998535), (-3.25, 3.884016513824463, 4.71238899230957, 13.88888931274414)])
(4.466666666666667, [(3.25, -62.9583740234375, 1.5707963705062866, 13.88888931274414), (42.95687291357255, 3.25, 3.141592653589793, 13.88888888888889), (-23.10487937927246, -3.25, 1.1252930642457906e-16, 12.491949081420898), (3.25, -15.301993370056152, 1.5707963705062866, 8.832889556884766), (-3.25, 2.957902669906616, 4.71238899230957, 13.88888931274414)])
(4.533333333333333, [(3.25, -62.03216552734375, 1.5707963705062866, 13.88888931274414), (42.03320622444156, 3.25, 3.141592653589793, 13.88888888888889), (-22.271390914916992, -3.25, -6.01076747812068e-17, 12.15376091003418), (3.25, -14.713738441467285, 1.5707963705062866, 8.493372917175293), (-3.25, 2.032083749771118, 4.71238899230957, 13.88888931274414)])
(4.6, [(3.25, -61.10624694824219, 1.5707963705062866, 13.88888931274414), (41.10722157690263, 3.25, 3.141592653589793, 13.88888888888889), (-21.460540771484375, -3.25, 1.1361009399549595e-16, 11.815473556518555), (3.25, -14.147768020629883, 1.5707963705062866, 8.1533842086792), (-3.25, 1.106264591217041, 4.71238899230957, 13.88888931274414)])
(4.666666666666667, [(3.25, -60.18056869506836, 1.5707963705062866, 13.88888931274414), (40.18118063608809, 3.25, 3.141592653589793, 13.88888888888889), (-20.668621063232422, -3.25, -5.022799828971839e-17, 11.47546100616455), (3.25, -13.567400932312012, 1.5707963705062866, 7.7893524169921875), (-3.25, 0.17558442056179047, 4.71238899230957, 13.88888931274414)])
(4.733333333333333, [(3.25, -59.25448226928711, 1.5707963705062866, 13.88888931274414), (39.25562315517005, 3.25, 3.141592653589793, 13.88888888888889), (-19.910449981689453, -3.25, 1.5674213994404044e-17, 11.140219688415527), (3.25, -13.083963394165039, 1.5707963705062866, 7.472591876983643), (-3.25, -0.7478868961334229, 4.71238899230957, 13.88888931274414)])
(4.8, [(3.25, -58.32670974731445, 1.5707963705062866, 13.88888931274414), (38.32358201344811, 3.25, 3.141592653589793, 13.88888888888889), (-19.163965225219727, -3.25, 1.7682132065649965e-17, 10.799983978271484), (3.25, -12.576245307922363, 1.5707963705062866, 7.124777317047119), (-3.25, -1.6835672855377197, 4.71238899230957, 13.88888931274414)])
(4.866666666666666, [(3.25, -57.40254211425781, 1.5707963705062866, 13.88888931274414), (37.402845886018575, 3.25, 3.141592653589793, 13.88888888888889), (-18.44632911682129, -3.25, 1.9447183291605416e-17, 10.462470054626465), (3.25, -12.109123229980469, 1.5707963705062866, 6.789052486419678), (-3.25, -2.5983030796051025, 4.71238899230957, 13.88888931274414)])
(4.933333333333334, [(3.25, -56.476707458496094, 1.5707963705062866, 13.88888931274414), (36.477457284927404, 3.25, 3.141592653589793, 13.88888888888889), (-17.74630355834961, -3.25, 2.1026985765018392e-17, 10.122403144836426), (3.25, -11.656999588012695, 1.5707963705062866, 6.447479724884033), (-3.25, -3.5228869915008545, 4.71238899230957, 13.88888931274414)])
(5.0, [(3.25, -55.5503044128418, 1.5707963705062866, 13.88888931274414), (35.55131700303823, 3.25, 3.141592653589793, 13.88888888888889), (-17.071605682373047, -3.25, 2.2410025131762154e-17, 9.783458709716797), (3.25, -11.226210594177246, 1.5707963705062866, 6.104269027709961), (-3.25, -4.4490966796875, 4.71238899230957, 13.88888931274414)])
(5.066666666666666, [(3.25, -54.62397003173828, 1.5707963705062866, 13.88888931274414), (34.6250144640605, 3.25, 3.141592653589793, 13.88888888888889), (-16.417728424072266, -3.25, 2.3626091474417187e-17, 9.44337272644043), (3.25, -10.819091796875, 1.5707963705062866, 5.76115608215332), (-3.25, -5.376416206359863, 4.71238899230957, 13.88888931274414)])
(5.133333333333334, [(3.25, -53.69780349731445, 1.5707963705062866, 13.88888931274414), (33.67892980575565, 3.25, 3.141592653589793, 13.88888888888889), (-15.784143447875977, -3.25, 2.4687302988957392e-17, 9.101727485656738), (3.25, -10.436217308044434, 1.5707963705062866, 5.55555534362793), (-3.25, -6.307553291320801, 4.71238899230957, 13.88888931274414)])
(5.2, [(3.25, -52.77050018310547, 1.5707963705062866, 13.88888931274414), (32.77299880981449, 3.25, 3.141592653589793, 13.88888888888889), (-15.177804946899414, -3.25, 2.559316005829279e-17, 8.762308120727539), (3.25, -10.063078880310059, 1.5707963705062866, 5.55555534362793), (-3.25, -7.2276105880737305, 4.71238899230957, 13.88888931274414)])
(5.266666666666667, [(3.25, -51.844276428222656, 1.5707963705062866, 13.88888931274414), (31.846692959467607, 3.25, 3.141592653589793, 13.88888888888889), (-14.57839298248291, -3.25, 2.639554014172025e-17, 8.413318634033203), (3.25, -9.691450119018555, 1.5707963705062866, 5.55555534362793), (-3.25, -8.154816627502441, 4.71238899230957, 13.88888931274414)])
(5.333333333333333, [(3.25, -50.9202766418457, 1.5707963705062866, 13.88888931274414), (30.919969876607297, 3.25, 3.141592653589793, 13.88888888888889), (-14.035422325134277, -3.25, 2.7018266522268547e-17, 8.084196090698242), (3.25, -9.319512367248535, 1.5707963705062866, 5.55555534362793), (-3.25, -9.087136268615723, 4.71238899230957, 13.88888931274414)])
(5.4, [(3.25, -49.9930534362793, 1.5707963705062866, 13.88888931274414), (29.994472000334035, 3.25, 3.141592653589793, 13.88888888888889), (-13.499279022216797, -3.25, 2.75709174700438e-17, 7.7455010414123535), (3.25, -8.950928688049316, 1.5712889432907104, 5.55555534362793), (-3.25, -10.011124610900879, 4.71238899230957, 13.88888931274414)])
(5.466666666666667, [(3.25, -49.06712341308594, 1.5707963705062866, 13.88888931274414), (29.068527089224958, 3.25, 3.141592653589793, 13.88888888888889), (-12.983723640441895, -3.25, 2.802589823981124e-17, 7.405216693878174), (3.2498180866241455, -8.581829071044922, 1.573515772819519, 5.55555534362793), (-3.25, -10.931608200073242, 4.71238899230957, 13.88888931274414)])
(5.533333333333333, [(3.25, -48.1417350769043, 1.5707963705062866, 13.88888931274414), (28.143290811114877, 3.25, 3.141592653589793, 13.88888888888889), (-12.484973907470703, -3.25, 2.840102464760404e-17, 7.060434818267822), (3.248807191848755, -8.21009635925293, 1.5780447721481323, 5.55555534362793), (-3.25, -11.8637056350708, 4.71238899230957, 13.88888931274414)])
(5.6, [(3.25, -47.215946197509766, 1.5707963705062866, 13.88888931274414), (27.179361184438104, 3.25, 3.141592653589793, 13.88888888888889), (-12.009990692138672, -3.25, 2.8696976635885713e-17, 6.715646743774414), (3.246126413345337, -7.840246200561523, 1.5851616859436035, 5.55555534362793), (-3.25, -12.78449821472168, 4.71238899230957, 13.88888931274414)])
(5.666666666666667, [(3.25, -46.28965377807617, 1.5707963705062866, 13.88888931274414), (26.291026804182298, 3.25, 3.141592653589793, 13.88888888888889), (-11.568316459655762, -3.25, 2.891842612075596e-17, 6.378335475921631), (3.240854024887085, -7.473260879516602, 1.5949872732162476, 5.579588890075684), (-3.25, -13.70936107635498, 4.71238899230957, 13.88888931274414)])
(5.733333333333333, [(3.25, -45.3641242980957, 1.5707963705062866, 13.88888931274414), (25.36508189307322, 3.25, 3.141592653589793, 13.88888888888889), (-11.144073486328125, -3.25, 2.909017859442402e-17, 6.036616325378418), (3.231837511062622, -7.1006035804748535, 1.6079976558685303, 5.904496192932129), (-3.25, -14.643332481384277, 4.71238899230957, 13.88888931274414)])
(5.8, [(3.25, -44.43755340576172, 1.5707963705062866, 13.88888931274414), (24.439358843697473, 3.25, 3.141592653589793, 13.88888888888889), (-10.738564491271973, -3.25, 2.921448729687849e-17, 5.690838813781738), (3.217186450958252, -6.706957817077637, 1.6284902095794678, 6.229320049285889), (-3.25, -15.567902565002441, 4.71238899230957, 13.88888931274414)])
(5.866666666666666, [(3.25, -43.511985778808594, 1.5707963705062866, 13.88888931274414), (23.513056304719743, 3.25, 3.141592653589793, 13.862058853454524), (-10.359451293945312, -3.25, 2.929516387638201e-17, 5.347383499145508), (3.193253993988037, -6.292601108551025, 1.6551856994628906, 6.553706169128418), (-3.25, -16.488374710083008, 4.71238899230957, 13.88888931274414)])
(5.933333333333334, [(3.25, -42.58623504638672, 1.5707963705062866, 13.88888931274414), (22.589217376662514, 3.25, 3.141592653589793, 13.45624793618006), (-10.000984191894531, -3.25, 2.9343709452171523e-17, 5.000984191894531), (3.156426191329956, -5.85723352432251, 1.6890376806259155, 6.877985000610352), (-3.25, -17.420705795288086, 4.71238899230957, 13.88888931274414)])
(6.0, [(3.25, -41.660831451416016, 1.5707963705062866, 13.88888931274414), (21.69186233778378, 3.25, 3.141592653589793, 13.04999417829009), (-9.668108940124512, -3.25, 2.936406140396278e-17, 4.6562957763671875), (3.1023201942443848, -5.401777744293213, 1.7302438020706177, 7.201894760131836), (-3.25, -18.361082077026367, 4.71238899230957, 13.88888931274414)])
(6.066666666666666, [(3.25, -40.734527587890625, 1.5707963705062866, 13.88888931274414), (20.82167376256883, 3.25, 3.141592653589793, 12.643578811033926), (-9.357431411743164, -3.25, 2.9364144122024033e-17, 4.309792518615723), (3.026134490966797, -4.928023815155029, 1.778180480003357, 7.5250372886657715), (-3.25, -19.2648868560791, 4.71238899230957, 13.88888931274414)])
(6.133333333333334, [(3.25, -39.80805587768555, 1.5707963705062866, 13.88888931274414), (19.979067744302387, 3.25, 3.141592653589793, 12.237189748125534), (-9.07194709777832, -3.25, 2.934848724738963e-17, 3.9647786617279053), (2.922839879989624, -4.437100887298584, 1.8322410583496094, 7.847907066345215), (-3.25, -20.19858169555664, 4.71238899230957, 13.88888931274414)])
(6.266666666666667, [(3.25, -37.95580291748047, 1.5707963705062866, 13.88888931274414), (18.37436079766971, 3.25, 3.141592653589793, 11.423323928350994), (-8.553110122680664, -3.25, 0.00011040847311960533, 3.245166301727295), (2.6157400608062744, -3.4153666496276855, 1.95542573928833, 8.492313385009766), (-3.25, -22.071136474609375, 4.71238899230957, 13.88888931274414)])
(6.333333333333333, [(3.25, -37.029579162597656, 1.5707963705062866, 13.88888931274414), (17.613348578387615, 3.25, 3.141592653589793, 11.016359786274746), (-8.3489408493042, -3.2499773502349854, 0.00025576844927854836, 2.9136598110198975), (2.402942657470703, -2.889669179916382, 2.0218939781188965, 8.81493854522705), (-3.25, -22.97609519958496, 4.71238899230957, 13.88888931274414)])
(6.466666666666667, [(3.25, -35.17918014526367, 1.5707963705062866, 13.88888931274414), (16.171447446188367, 3.25, 3.141592653589793, 10.200851403400618), (-7.98452091217041, -3.249861240386963, 0.0005177569692023098, 2.201183795928955), (1.8459123373031616, -1.8332576751708984, 2.1566696166992188, 9.458252906799316), (-3.25, -24.8204288482666, 4.71238899230957, 13.88888931274414)])
(6.533333333333333, [(3.25, -34.253135681152344, 1.5707963705062866, 13.88888931274414), (15.490693329707621, 3.25, 3.141592653589793, 9.792258164309784), (-7.837629795074463, -3.2497851848602295, 0.0006933569675311446, 1.8374701738357544), (1.4961906671524048, -1.306247353553772, 2.2231569290161133, 9.781720161437988), (-3.25, -25.755067825317383, 4.71238899230957, 13.88888931274414)])
(6.6, [(3.25, -33.32637405395508, 1.5707963705062866, 13.88888931274414), (14.838205927863804, 3.25, 3.141592653589793, 9.38394752406288), (-7.71574068069458, -3.2497005462646484, 0.0008229231461882591, 1.4688115119934082), (1.099796175956726, -0.7873628735542297, 2.288869619369507, 10.105062484741211), (-3.25, -26.67766571044922, 4.71238899230957, 13.88888931274414)])
(6.666666666666667, [(3.25, -32.399959564208984, 1.5707963705062866, 13.88888931274414), (14.213010500905803, 3.25, 3.141592653589793, 8.97530645776898), (-7.617118835449219, -3.249619483947754, 0.0008869750308804214, 1.082215428352356), (0.657931387424469, -0.28160277009010315, 2.352409601211548, 10.427565574645996), (-3.25, -27.59830665588379, 4.71238899230957, 13.88888931274414)])
(6.733333333333333, [(3.25, -31.475889205932617, 1.5707963705062866, 13.88888931274414), (13.614383403073134, 3.25, 3.141592653589793, 8.565780807193097), (-7.54481315612793, -3.2495553493499756, 0.0008871080353856087, 0.6813374161720276), (0.16629531979560852, 0.2137690931558609, 2.4151077270507812, 10.752967834472656), (-3.25, -28.53126335144043, 4.71238899230957, 13.88888931274414)])
(6.8, [(3.25, -30.548316955566406, 1.5707963705062866, 13.88888931274414), (13.043568793847456, 3.25, 3.141592653589793, 8.15615261788115), (-7.499884128570557, -3.2495155334472656, 0.000847001327201724, 0.28568515181541443), (-0.3702584207057953, 0.6905544400215149, 2.476668119430542, 11.078185081481934), (-3.25, -29.4552059173584, 4.71238899230957, 13.88888931274414)])
(6.866666666666666, [(3.25, -29.623498916625977, 1.5707963705062866, 13.88888931274414), (12.49947966960231, 3.25, 3.141592653589793, 7.745563635735476), (-7.480780124664307, -3.2494993209838867, 0.0008114103693515062, 0.0), (-0.9488181471824646, 1.1441603899002075, 2.538038492202759, 11.402138710021973), (-3.25, -30.376028060913086, 4.71238899230957, 13.88888931274414)])
(6.933333333333334, [(3.25, -28.697792053222656, 1.5707963705062866, 13.88888931274414), (11.98325329453251, 3.25, 3.141592653589793, 7.33478285529914), (-7.480780124664307, -3.2494993209838867, 0.0008114103693515062, 0.0), (-1.5769191980361938, 1.5771526098251343, 2.601308584213257, 11.7291841506958), (-3.25, -31.308969497680664, 4.71238899230957, 13.88888931274414)])
(7.0, [(3.25, -27.770708084106445, 1.5707963705062866, 13.88888931274414), (11.494485081993627, 3.25, 3.141592653589793, 6.9234255238229885), (-7.480780124664307, -3.2494993209838867, 0.0008114103693515062, 0.0), (-2.2471165657043457, 1.9791475534439087, 2.6673598289489746, 12.055170059204102), (-3.25, -32.23283004760742, 4.71238899230957, 13.88888931274414)])
(7.066666666666666, [(3.25, -26.844457626342773, 1.5707963705062866, 13.88888931274414), (11.032714185078929, 3.25, 3.141592653589793, 6.510957703821087), (-7.480780124664307, -3.2494993209838867, 0.0008114103693515062, 0.0), (-2.96309494972229, 2.346660852432251, 2.73840594291687, 12.381855964660645), (-3.25, -33.15378952026367, 4.71238899230957, 13.88888931274414)])
(7.133333333333334, [(3.25, -25.906747817993164, 1.5707963705062866, 13.88888931274414), (10.59845205345267, 3.25, 3.141592653589793, 6.0976573076413665), (-7.480780124664307, -3.2494993209838867, 0.0008114103693515062, 0.0), (-3.7195518016815186, 2.6693310737609863, 2.8161206245422363, 12.706831932067871), (-3.25, -34.09259796142578, 4.71238899230957, 13.88888931274414)])
(7.2, [(3.25, -24.993694305419922, 1.5707963705062866, 13.88888931274414), (10.190403839066168, 3.25, 3.141592653589793, 5.681975542783863), (-7.480780124664307, -3.2494993209838867, 0.0008114103693515062, 0.0), (-4.525876045227051, 2.9414443969726562, 2.8983137607574463, 13.034364700317383), (-3.25, -35.021358489990234, 4.71238899230957, 13.88888931274414)])
(7.266666666666667, [(3.25, -24.06749725341797, 1.5707963705062866, 13.88888931274414), (9.812802020774278, 3.25, 3.141592653589793, 5.26817086371461), (-7.480780124664307, -3.2494993209838867, 0.0008114103693515062, 0.0), (-5.365227699279785, 3.1497669219970703, 2.9612414836883545, 13.358818054199219), (-3.25, -35.93149948120117, 4.71238899230957, 13.88888931274414)])
(7.333333333333333, [(3.25, -23.141817092895508, 1.5707963705062866, 13.88888931274414), (9.462152410127125, 3.25, 3.141592653589793, 4.85240444743895), (-7.480780124664307, -3.2494993209838867, 0.0008114103693515062, 0.0), (-6.241796016693115, 3.309593915939331, 3.0206105709075928, 13.68459701538086), (-3.25, -36.865806579589844, 4.71238899230957, 13.88888931274414)])
(7.4, [(3.25, -22.2166805267334, 1.5707963705062866, 13.88888931274414), (9.138410354580108, 3.25, 3.141592653589793, 4.434064078806392), (-7.480780124664307, -3.2494993209838867, 0.0008114103693515062, 0.0), (-7.14633846282959, 3.4195642471313477, 3.062150478363037, 13.88888931274414), (-3.25, -37.792579650878906, 4.71238899230957, 13.88888931274414)])
(7.466666666666667, [(3.25, -21.289623260498047, 1.5707963705062866, 13.88888931274414), (8.842866622875551, 3.25, 3.141592653589793, 4.014274464272047), (-7.480780124664307, -3.2494993209838867, 0.0008114103693515062, 0.0), (-8.070746421813965, 3.4931561946868896, 3.099752426147461, 13.88888931274414), (-3.25, -38.709720611572266, 4.71238899230957, 13.88888931274414)])
(7.533333333333333, [(3.25, -20.36410903930664, 1.5707963705062866, 13.88888931274414), (8.575138516552514, 3.25, 3.141592653589793, 3.59188838894393), (-7.480780124664307, -3.2494993209838867, 0.0008114103693515062, 0.0), (-8.995185852050781, 3.531857490539551, 3.121866464614868, 13.88888931274414), (-3.25, -39.6412239074707, 4.71238899230957, 13.88888931274414)])
(7.6, [(3.25, -19.437511444091797, 1.5707963705062866, 13.88888931274414), (8.335731757737516, 3.25, 3.141592653589793, 3.1668250808736333), (-7.480780124664307, -3.2494993209838867, 0.0008114103693515062, 0.0), (-9.92493724822998, 3.5502004623413086, 3.1448559761047363, 13.88888931274414), (-3.25, -40.566612243652344, 4.71238899230957, 13.88888931274414)])
(7.666666666666667, [(3.25, -18.51141357421875, 1.5707963705062866, 13.88888931274414), (8.124596696481742, 3.25, 3.141592653589793, 2.7377290511993806), (-7.480780124664307, -3.2494993209838867, 0.0008114103693515062, 0.0), (-10.845793724060059, 3.5471954345703125, 3.1542305946350098, 13.88888931274414), (-3.25, -41.487125396728516, 4.71238899230957, 13.88888931274414)])
(7.733333333333333, [(3.25, -17.58629035949707, 1.5707963705062866, 13.88888931274414), (7.942075073207205, 3.25, 3.141592653589793, 2.3032370434860754), (-7.480780124664307, -3.2494993209838867, 0.0008114103693515062, 0.0), (-11.773482322692871, 3.535470724105835, 3.1672959327697754, 13.88888931274414), (-3.25, -42.42049789428711, 4.71238899230957, 13.88888931274414)])
(7.8, [(3.25, -16.66082000732422, 1.5707963705062866, 13.88888931274414), (7.788543106580268, 3.25, 3.141592653589793, 1.8607840495240455), (-7.480780124664307, -3.2494993209838867, 0.0008114103693515062, 0.0), (-12.69900894165039, 3.51167631149292, 3.1684536933898926, 13.88888931274414), (-3.25, -43.38410949707031, 4.71238899230957, 13.88888931274414)])
(7.866666666666666, [(3.25, -15.733709335327148, 1.5707963705062866, 13.88888931274414), (7.664484743880615, 3.25, 3.141592653589793, 1.4049259505637481), (-7.480780124664307, -3.2494993209838867, 0.0008114103693515062, 0.0), (-13.622633934020996, 3.486860990524292, 3.1750898361206055, 13.88888931274414), (-3.25, -44.26481628417969, 4.71238899230957, 13.88888931274414)])
(7.933333333333334, [(3.25, -14.809525489807129, 1.5707963705062866, 13.88888931274414), (7.5707510866693095, 3.25, 3.141592653589793, 0.9214190360697191), (-7.480780124664307, -3.2494993209838867, 0.0008114103693515062, 0.0), (-14.551156997680664, 3.4557464122772217, 3.171471357345581, 13.88888931274414), (-3.25, -45.19045639038086, 4.71238899230957, 13.88888931274414)])
(8.0, [(3.25, -13.882527351379395, 1.5707963705062866, 13.88888931274414), (7.509296847503492, 3.25, 3.141592653589793, 0.3340092364619681), (-7.480780124664307, -3.2494993209838867, 0.0008114103693515062, 0.0), (-15.481114387512207, 3.427952289581299, 3.174454927444458, 13.88888931274414), (-3.25, -46.12734603881836, 4.71238899230957, 13.88888931274414)])
(8.066666666666666, [(3.25, -12.956457138061523, 1.5707963705062866, 13.88888931274414), (7.487056184066956, 3.25, 3.141592653589793, 0.0), (-7.480780124664307, -3.2494993209838867, 0.0008114103693515062, 0.0), (-16.39814567565918, 3.397805690765381, 3.1682913303375244, 13.88888931274414), (-3.25, -47.04265213012695, 4.71238899230957, 13.88888931274414)])
(8.133333333333333, [(3.25, -12.030651092529297, 1.5707963705062866, 13.88888931274414), (7.487056184066956, 3.25, 3.141592653589793, 0.0), (-7.480780124664307, -3.2494993209838867, 0.0008114103693515062, 0.0), (-17.326190948486328, 3.3730223178863525, 3.1697356700897217, 13.88888931274414), (-3.25, -47.97712326049805, 4.71238899230957, 13.88888931274414)])
(8.2, [(3.25, -11.104775428771973, 1.5707963705062866, 13.88888931274414), (7.487056184066956, 3.25, 3.141592653589793, 0.0), (-7.480780124664307, -3.2494993209838867, 0.0008114103693515062, 0.0), (-18.25115966796875, 3.3469839096069336, 3.1625418663024902, 13.88888931274414), (-3.25, -48.90202713012695, 4.71238899230957, 13.88888931274414)])
(8.266666666666667, [(3.25, -10.180109024047852, 1.5707963705062866, 13.88888931274414), (7.487056184066956, 3.25, 3.141592653589793, 0.0), (-7.480780124664307, -3.2494993209838867, 0.0008114103693515062, 0.0), (-19.17694091796875, 3.3275866508483887, 3.1635470390319824, 13.88888931274414), (-3.25, -49.847110748291016, 4.71238899230957, 13.88888931274414)])
(8.333333333333334, [(3.25, -9.252442359924316, 1.5707963705062866, 13.88888931274414), (7.487056184066956, 3.25, 3.141592653589793, 0.0), (-7.480780124664307, -3.2494993209838867, 0.0008114103693515062, 0.0), (-20.10277557373047, 3.3072574138641357, 3.156327724456787, 13.88888931274414), (-3.25, -50.746055603027344, 4.71238899230957, 13.88888931274414)])
(8.4, [(3.25, -8.3265962600708, 1.5707963705062866, 13.88888931274414), (7.487056184066956, 3.25, 3.141592653589793, 0.0), (-7.480780124664307, -3.2494993209838867, 0.0008114103693515062, 0.0), (-21.07569694519043, 3.2929203510284424, 3.1574668884277344, 13.88888931274414), (-3.25, -51.67710876464844, 4.71238899230957, 13.88888931274414)])
(8.466666666666667, [(3.25, -7.401972770690918, 1.5707963705062866, 13.88888931274414), (7.487056184066956, 3.25, 3.141592653589793, 0.0), (-7.480780124664307, -3.2494993209838867, 0.0008114103693515062, 0.0), (-21.956350326538086, 3.2789394855499268, 3.1507768630981445, 13.88888931274414), (-3.25, -52.59857177734375, 4.71238899230957, 13.88888931274414)])
(8.533333333333333, [(3.25, -6.4175825119018555, 1.5707963705062866, 13.88888931274414), (7.487056184066956, 3.25, 3.141592653589793, 0.0), (-7.480780124664307, -3.2494993209838867, 0.0008114103693515062, 0.0), (-22.88294792175293, 3.2704291343688965, 3.152583122253418, 13.88888931274414), (-3.25, -53.52434539794922, 4.71238899230957, 13.88888931274414)])
(8.6, [(3.25, -5.548596382141113, 1.5707963705062866, 13.88888931274414), (7.487056184066956, 3.25, 3.141592653589793, 0.0), (-7.480780124664307, -3.2494993209838867, 0.0008114103693515062, 0.0), (-23.809837341308594, 3.260241746902466, 3.146336317062378, 13.88888931274414), (-3.25, -54.45492935180664, 4.71238899230957, 13.88888931274414)])
(8.666666666666666, [(3.25, -4.623263835906982, 1.5707963705062866, 13.88888931274414), (7.487056184066956, 3.25, 3.141592653589793, 0.0), (-7.480780124664307, -3.2494993209838867, 0.0008114103693515062, 0.0), (-24.733732223510742, 3.255859136581421, 3.148745059967041, 13.88888931274414), (-3.25, -55.376121520996094, 4.71238899230957, 13.88888931274414)])
(8.733333333333333, [(3.25, -3.6199722290039062, 1.5707963705062866, 13.88888931274414), (7.487056184066956, 3.25, 3.141592653589793, 0.0), (-7.480780124664307, -3.2494993209838867, 0.0008114103693515062, 0.0), (-25.657957077026367, 3.249248743057251, 3.1431281566619873, 13.88888931274414), (-3.25, -56.301734924316406, 4.71238899230957, 13.88888931274414)])
(8.8, [(3.25, -2.7715132236480713, 1.5707963705062866, 13.88888931274414), (7.487056184066956, 3.25, 3.141592653589793, 0.0), (-7.480780124664307, -3.2494993209838867, 0.0008114103693515062, 0.0), (-26.630720138549805, 3.2477548122406006, 3.146035671234131, 13.88888931274414), (-3.25, -57.235595703125, 4.71238899230957, 13.88888931274414)])
(8.866666666666667, [(3.25, -1.8451809883117676, 1.5707963705062866, 13.88888931274414), (7.487056184066956, 3.25, 3.141592653589793, 0.0), (-7.480780124664307, -3.2494993209838867, 0.0008114103693515062, 0.0), (-27.514585494995117, 3.2438278198242188, 3.14108943939209, 13.88888931274414), (-3.25, -58.15395736694336, 4.71238899230957, 13.88888931274414)])
(8.933333333333334, [(3.25, -0.9160273671150208, 1.5707963705062866, 13.88888931274414), (7.487056184066956, 3.25, 3.141592653589793, 0.0), (-7.480780124664307, -3.2494993209838867, 0.0008114103693515062, 0.0), (-28.4459171295166, 3.2442965507507324, 3.1443607807159424, 13.88888931274414), (-3.25, -59.084678649902344, 4.71238899230957, 13.88888931274414)])
(9.0, [(3.25, 0.01430511474609375, 1.5707963705062866, 13.88888931274414), (7.487056184066956, 3.25, 3.141592653589793, 0.0), (-7.480780124664307, -3.2494993209838867, 0.0008114103693515062, 0.0), (-29.37240219116211, 3.241731882095337, 3.1397907733917236, 13.88888931274414), (-3.25, -60.01227569580078, 4.71238899230957, 13.88888931274414)])
(9.066666666666666, [(3.25, 0.9332928657531738, 1.5707963705062866, 13.88888931274414), (7.487056184066956, 3.25, 3.141592653589793, 0.0), (-7.480780124664307, -3.2494993209838867, 0.0008114103693515062, 0.0), (-30.292037963867188, 3.2433888912200928, 3.143381118774414, 13.88888931274414), (-3.25, -60.931331634521484, 4.71238899230957, 13.88888931274414)])
(9.066666666666666, [(3.25, 0.9332928657531738, 1.5707963705062866, 13.88888931274414), (7.487056184066956, 3.25, 3.141592653589793, 0.0), (-7.480780124664307, -3.2494993209838867, 0.0008114103693515062, 0.0), (-30.292037963867188, 3.2433888912200928, 3.143381118774414, 13.88888931274414), (-3.25, -60.931331634521484, 4.71238899230957, 13.88888931274414)])
(9.133333333333333, [(3.25, 1.85849928855896, 1.5707963705062866, 13.88888931274414), (7.487056184066956, 3.25, 3.141592653589793, 0.0), (-7.480780124664307, -3.2494993209838867, 0.0008114103693515062, 0.0), (-31.221328735351562, 3.241726875305176, 3.1391067504882812, 13.88888931274414), (-3.25, -61.861968994140625, 4.71238899230957, 13.88888931274414)])
(9.2, [(3.25, 2.7835700511932373, 1.5707963705062866, 13.88888931274414), (7.487056184066956, 3.25, 3.141592653589793, 0.0), (-7.480780124664307, -3.2494993209838867, 0.0008114103693515062, 0.0), (-32.137062072753906, 3.2440035343170166, 3.142909288406372, 13.88888931274414), (-3.25, -62.802181243896484, 4.71238899230957, 13.88888931274414)])
(9.266666666666667, [(3.25, 3.7084884643554688, 1.5707963705062866, 13.88888931274414), (7.487056184066956, 3.25, 3.141592653589793, 0.0), (-7.480780124664307, -3.2494993209838867, 0.0008114103693515062, 0.0), (-33.06644821166992, 3.2427797317504883, 3.1388320922851562, 13.88888931274414), (-3.25, -63.70945739746094, 4.71238899230957, 13.88888931274414)])
(9.333333333333334, [(3.25, 4.63529109954834, 1.5707963705062866, 13.88888931274414), (7.487056184066956, 3.25, 3.141592653589793, 0.0), (-7.480780124664307, -3.2494993209838867, 0.0008114103693515062, 0.0), (-33.9934196472168, 3.2453386783599854, 3.1427676677703857, 13.88888931274414), (-3.25, -64.66896057128906, 4.71238899230957, 13.88888931274414)])
(9.4, [(3.25, 5.562222480773926, 1.5707963705062866, 13.88888931274414), (7.487056184066956, 3.25, 3.141592653589793, 0.0), (-7.480780124664307, -3.2494993209838867, 0.0008114103693515062, 0.0), (-34.9179573059082, 3.2442522048950195, 3.1388211250305176, 13.88888931274414), (-3.25, -65.5921401977539, 4.71238899230957, 13.88888931274414)])
(9.466666666666667, [(3.25, 6.4886674880981445, 1.5707963705062866, 13.88888931274414), (7.487056184066956, 3.25, 3.141592653589793, 0.0), (-7.480780124664307, -3.2494993209838867, 0.0008114103693515062, 0.0), (-35.84351348876953, 3.2468173503875732, 3.1428093910217285, 13.88888931274414), (-3.25, -66.4870834350586, 4.71238899230957, 13.88888931274414)])
(9.533333333333333, [(3.25, 7.41455602645874, 1.5707963705062866, 13.88888931274414), (7.487056184066956, 3.25, 3.141592653589793, 0.5337276458740234), (-7.480780124664307, -3.2494993209838867, 0.0008114103693515062, 0.0), (-36.76940155029297, 3.2456908226013184, 3.13893461227417, 13.88888931274414), (-3.25, -67.41986083984375, 4.71238899230957, 13.88888931274414)])
(9.6, [(3.25, 8.340097427368164, 1.5707963705062866, 13.88888931274414), (7.451474120441004, 3.25, 3.141592653589793, 1.0670642852783203), (-7.480780124664307, -3.2494993209838867, 0.0008114103693515062, 0.0), (-37.70166015625, 3.2481689453125, 3.1429383754730225, 13.88888931274414), (-3.25, -68.35172271728516, 4.71238899230957, 13.88888931274414)])
(9.666666666666666, [(3.25, 9.265681266784668, 1.5707963705062866, 13.88888931274414), (7.380330972289654, 3.25, 3.141592653589793, 1.6004390716552734), (-7.480780124664307, -3.2494993209838867, 0.0008114103693515062, 0.0), (-38.6193962097168, 3.246933937072754, 3.1391055583953857, 13.88888931274414), (-3.25, -69.26483154296875, 4.71238899230957, 13.88888931274414)])
(9.733333333333333, [(3.25, 10.19244384765625, 1.5707963705062866, 13.88888931274414), (7.273650398908854, 3.25, 3.141592653589793, 2.133695602416992), (-7.480780124664307, -3.2494993209838867, 0.0008114103693515062, 0.0), (-39.54813003540039, 3.24924373626709, 3.1430888175964355, 13.88888931274414), (-3.25, -70.1986083984375, 4.71238899230957, 13.88888931274414)])
(9.8, [(3.25, 11.117154121398926, 1.5707963705062866, 13.88888931274414), (7.131450453924414, 3.25, 3.141592653589793, 2.6668548583984375), (-7.480780124664307, -3.2494993209838867, 0.0008114103693515062, 0.0), (-40.472476959228516, 3.247860908508301, 3.139270067214966, 13.88888931274414), (-3.25, -71.15898895263672, 4.71238899230957, 13.88888931274414)])
(9.866666666666667, [(3.25, 12.043429374694824, 1.5707963705062866, 13.88888931274414), (6.953725789843089, 3.25, 3.141592653589793, 3.199991226196289), (-7.480780124664307, -3.2494993209838867, 0.0008114103693515062, 0.0), (-41.397708892822266, 3.250009775161743, 3.143221855163574, 13.88888931274414), (-3.25, -72.04313659667969, 4.71238899230957, 13.88888931274414)])
(9.933333333333334, [(3.25, 12.968443870544434, 1.5707963705062866, 13.88888931274414), (6.740375697320657, 3.25, 3.141592653589793, 3.733367919921875), (-7.480780124664307, -3.2494993209838867, 0.0008114103693515062, 0.0), (-42.326499938964844, 3.2484965324401855, 3.139408826828003, 13.88888931274414), (-3.25, -72.97665405273438, 4.71238899230957, 13.88888931274414)])
(10.0, [(3.25, 13.89494514465332, 1.5707963705062866, 13.88888931274414), (6.491603123888877, 3.25, 3.141592653589793, 4.266447067260742), (-7.480780124664307, -3.2494993209838867, 0.0008114103693515062, 0.0), (-43.2500114440918, 3.2505133152008057, 3.1433260440826416, 13.88888931274414), (-3.25, -73.90098571777344, 4.71238899230957, 13.88888931274414)])
(10.066666666666666, [(3.25, 14.821877479553223, 1.5707963705062866, 13.88888931274414), (6.206971167808957, 3.25, 3.141592653589793, 4.800159454345703), (-7.480780124664307, -3.2494993209838867, 0.0008114103693515062, 0.0), (-44.17520523071289, 3.2489094734191895, 3.1395211219787598, 13.88888931274414), (-3.25, -74.82051086425781, 4.71238899230957, 13.88888931274414)])
(10.133333333333333, [(3.25, 15.746888160705566, 1.5707963705062866, 13.88888931274414), (5.886857842457472, 3.25, 3.141592653589793, 5.3336639404296875), (-7.480780124664307, -3.2494993209838867, 0.0008114103693515062, 0.0), (-45.1025505065918, 3.25083065032959, 3.1434054374694824, 13.88888931274414), (-3.25, -75.75267791748047, 4.71238899230957, 13.88888931274414)])
(10.2, [(3.25, 16.672597885131836, 1.5707963705062866, 13.88888931274414), (5.531252609353329, 3.25, 3.141592653589793, 5.867038726806641), (-7.480780124664307, -3.2494993209838867, 0.0008114103693515062, 0.0), (-46.027828216552734, 3.2491533756256104, 3.1396050453186035, 13.88888931274414), (-3.25, -76.70339965820312, 4.71238899230957, 13.88888931274414)])
(10.266666666666667, [(3.25, 17.59958267211914, 1.5707963705062866, 13.88888931274414), (5.140277930518392, 3.25, 3.141592653589793, 6.400152206420898), (-7.480780124664307, -3.2494993209838867, 0.0008114103693515062, 0.0), (-46.953033447265625, 3.2509925365448, 3.1434543132781982, 13.88888931274414), (-3.25, -77.5981216430664, 4.71238899230957, 13.88888931274414)])
(10.333333333333334, [(3.25, 18.524778366088867, 1.5707963705062866, 13.88888931274414), (4.7133558513213085, 3.25, 3.141592653589793, 6.9337921142578125), (-7.480780124664307, -3.2494993209838867, 0.0008114103693515062, 0.0), (-47.88019561767578, 3.2492663860321045, 3.1396610736846924, 13.88888931274414), (-3.25, -78.53031921386719, 4.71238899230957, 13.88888931274414)])
(10.4, [(3.25, 19.452072143554688, 1.5707963705062866, 13.88888931274414), (4.250934863766657, 3.25, 3.141592653589793, 7.467319488525391), (-7.480780124664307, -3.2494993209838867, 0.0008114103693515062, 0.0), (-48.80943298339844, 3.25106143951416, 3.1434829235076904, 13.88888931274414), (-3.25, -79.46051025390625, 4.71238899230957, 13.88888931274414)])
(10.466666666666667, [(3.25, 20.37640380859375, 1.5707963705062866, 13.88888931274414), (3.7534985943946833, 3.25, 3.141592653589793, 8.000240325927734), (-7.480780124664307, -3.2494993209838867, 0.0008114103693515062, 0.0), (-49.73170852661133, 3.2493181228637695, 3.1397018432617188, 13.88888931274414), (-3.25, -80.37616729736328, 4.71238899230957, 13.88888931274414)])
(10.533333333333333, [(3.25, 21.3037109375, 1.5707963705062866, 13.88888931274414), (3.2200200443711093, 3.25, 3.141592653589793, 8.533702850341797), (-7.480780124664307, -3.2494993209838867, 0.0008114103693515062, 0.0), (-50.659690856933594, 3.251072645187378, 3.143495798110962, 13.88888931274414), (-3.25, -81.30992889404297, 4.71238899230957, 13.88888931274414)])
(10.6, [(3.25, 22.22825050354004, 1.5707963705062866, 13.88888931274414), (2.6515465357277446, 3.25, 3.141592653589793, 9.06662368774414), (-7.480780124664307, -3.2494993209838867, 0.0008114103693515062, 0.0), (-51.584510803222656, 3.249312400817871, 3.139725923538208, 13.88888931274414), (-3.25, -82.24894714355469, 4.71238899230957, 13.88888931274414)])
(10.666666666666666, [(3.25, 23.154640197753906, 1.5707963705062866, 13.88888931274414), (2.0469109843468924, 3.25, 3.141592653589793, 9.600128173828125), (-7.480780124664307, -3.2494993209838867, 0.0008114103693515062, 0.0), (-52.510494232177734, 3.2510409355163574, 3.1434922218322754, 13.88888931274414), (-3.25, -83.15501403808594, 4.71238899230957, 13.88888931274414)])
(10.666666666666666, [(3.25, 23.154640197753906, 1.5707963705062866, 13.88888931274414), (2.0469109843468924, 3.25, 3.141592653589793, 9.600128173828125), (-7.480780124664307, -3.2494993209838867, 0.0008114103693515062, 0.0), (-52.510494232177734, 3.2510409355163574, 3.1434922218322754, 13.88888931274414), (-3.25, -83.15501403808594, 4.71238899230957, 13.88888931274414)])
(10.733333333333333, [(3.25, 24.080583572387695, 1.5707963705062866, 13.88888931274414), (1.4067657188496252, 3.25, 3.141592653589793, 10.133575439453125), (-7.480780124664307, -3.2494993209838867, 0.0008114103693515062, 0.0), (-53.437313079833984, 3.2492804527282715, 3.139737129211426, 13.88888931274414), (-3.25, -84.08432006835938, 4.71238899230957, 13.88888931274414)])
(10.8, [(3.25, 25.00718116760254, 1.5707963705062866, 13.88888931274414), (0.7318300837503795, 3.25, 3.141592653589793, 10.666406631469727), (-7.480780124664307, -3.2494993209838867, 0.0008114103693515062, 0.0), (-54.3621711730957, 3.2509965896606445, 3.1434829235076904, 13.88888931274414), (-3.25, -85.01234436035156, 4.71238899230957, 13.88888931274414)])
(10.866666666666667, [(3.25, 25.93344497680664, 1.5707963705062866, 13.88888931274414), (0.020508110214747077, 3.25, 3.141592653589793, 11.199911117553711), (-7.480780124664307, -3.2494993209838867, 0.0008114103693515062, 0.0), (-55.291656494140625, 3.249239683151245, 3.1397430896759033, 13.88888931274414), (-3.25, -85.93165588378906, 4.71238899230957, 13.88888931274414)])
(10.933333333333334, [(3.25, 26.857223510742188, 1.5707963705062866, 13.88888931274414), (-0.7271212257671085, 3.25, 3.141592653589793, 11.733936309814453), (-7.480780124664307, -3.2494993209838867, 0.0008114103693515062, 0.0), (-56.21818161010742, 3.250953435897827, 3.1434707641601562, 13.88888931274414), (-3.25, -86.85734558105469, 4.71238899230957, 13.88888931274414)])
(11.0, [(3.25, 27.78470802307129, 1.5707963705062866, 13.88888931274414), (-1.5084708865721712, 3.25, 3.141592653589793, 12.266647338867188), (-7.480780124664307, -3.2494993209838867, 0.0008114103693515062, 0.0), (-57.146873474121094, 3.24920916557312, 3.1397485733032227, 13.88888931274414), (-3.25, -87.78864288330078, 4.71238899230957, 13.88888931274414)])
(11.066666666666666, [(3.25, 28.71074867248535, 1.5707963705062866, 13.88888931274414), (-2.3265215080206634, 3.25, 3.141592653589793, 12.800159454345703), (-7.480780124664307, -3.2494993209838867, 0.0008114103693515062, 0.0), (-58.071929931640625, 3.250915050506592, 3.1434566974639893, 13.88888931274414), (-3.25, -88.70945739746094, 4.71238899230957, 13.88888931274414)])
(11.133333333333333, [(3.25, 29.636680603027344, 1.5707963705062866, 13.88888931274414), (-3.1796662911025795, 3.25, 3.141592653589793, 13.333368301391602), (-7.480780124664307, -3.2494993209838867, 0.0008114103693515062, 0.0), (-58.9915771484375, 3.2492008209228516, 3.1397602558135986, 13.88888931274414), (-3.25, -89.67036437988281, 4.71238899230957, 13.88888931274414)])
(11.2, [(3.25, 30.561765670776367, 1.5707963705062866, 13.88888931274414), (-4.113802270628343, 3.25, 3.141592653589793, 13.88888888888889), (-7.480780124664307, -3.2494993209838867, 0.0008114103693515062, 0.0), (-59.91627502441406, 3.2508952617645264, 3.143441915512085, 13.88888931274414), (-3.25, -90.57037353515625, 4.71238899230957, 13.88888931274414)])
(11.266666666666667, [(3.25, 31.487735748291016, 1.5707963705062866, 13.88888931274414), (-4.992536991706156, 3.25, 3.141592653589793, 13.88888888888889), (-7.480780124664307, -3.2494993209838867, 0.0008114103693515062, 0.0), (-60.84706115722656, 3.249174118041992, 3.1397593021392822, 13.88888931274414), (-3.25, -91.49082946777344, 4.71238899230957, 13.88888931274414)])
(11.333333333333334, [(3.25, 32.4130973815918, 1.5707963705062866, 13.88888931274414), (-5.918677273595329, 3.25, 3.141592653589793, 13.88888888888889), (-7.480780124664307, -3.2494993209838867, 0.0008114103693515062, 0.0), (-61.77179718017578, 3.2508695125579834, 3.1434288024902344, 13.88888931274414), (-3.25, -92.41728973388672, 4.71238899230957, 13.88888931274414)])
(11.4, [(3.25, 33.3404426574707, 1.5707963705062866, 13.88888931274414), (-6.8446486756576395, 3.25, 3.141592653589793, 13.88888888888889), (-7.480780124664307, -3.2494993209838867, 0.0008114103693515062, 0.0), (-62.69744873046875, 3.2491698265075684, 3.139859199523926, 13.88888931274414), (-3.25, -93.34346008300781, 4.71238899230957, 13.88888931274414)])
(11.466666666666667, [(3.25, 34.266387939453125, 1.5707963705062866, 13.88888931274414), (-7.774885121190544, 3.25, 3.141592653589793, 13.88888888888889), (-7.480780124664307, -3.2494993209838867, 0.0008114103693515062, 0.39888668060302734), (-63.62889099121094, 3.250784397125244, 3.1434848308563232, 13.88888931274414), (-3.25, -94.26551055908203, 4.71238899230957, 13.88888931274414)])
(11.533333333333333, [(3.25, 35.19255447387695, 1.5707963705062866, 13.88888931274414), (-8.697535219991202, 3.25, 3.141592653589793, 13.88888888888889), (-7.454237937927246, -3.2494776248931885, 0.0008541917777620256, 0.7981266975402832), (-64.5499038696289, 3.2490415573120117, 3.139817237854004, 13.88888931274414), (-3.25, -95.1959457397461, 4.71238899230957, 13.88888931274414)])
(11.6, [(3.25, 36.11888885498047, 1.5707963705062866, 13.88888931274414), (-9.622301283681388, 3.25, 3.141592653589793, 13.88888888888889), (-7.4009575843811035, -3.249432325363159, 0.0010191688779741526, 1.1986684799194336), (-65.47434997558594, 3.250682830810547, 3.143430233001709, 13.88888931274414), (-3.25, -96.1218032836914, 4.71238899230957, 13.88888931274414)])
(11.666666666666666, [(3.25, 37.04401397705078, 1.5707963705062866, 13.88888931274414), (-10.548272685743697, 3.25, 3.141592653589793, 13.88888888888889), (-7.320939064025879, -3.2493505477905273, 0.0014002668904140592, 1.5992045402526855), (-66.39915466308594, 3.248983383178711, 3.139791250228882, 13.88888931274414), (-3.25, -97.04277801513672, 4.71238899230957, 13.88888931274414)])
(11.733333333333333, [(3.25, 37.97001266479492, 1.5707963705062866, 13.88888931274414), (-11.474244087806007, 3.25, 3.141592653589793, 13.88888888888889), (-7.214200496673584, -3.2492012977600098, 0.002253905637189746, 1.9996747970581055), (-67.32612609863281, 3.2506532669067383, 3.1433959007263184, 13.88888931274414), (-3.25, -97.97589111328125, 4.71238899230957, 13.88888931274414)])
(11.8, [(3.25, 38.895999908447266, 1.5707963705062866, 13.88888931274414), (-12.400188998915084, 3.25, 3.141592653589793, 13.88888888888889), (-7.081574440002441, -3.2489023208618164, 0.003934229724109173, 2.3976187705993652), (-68.25137329101562, 3.2489848136901855, 3.139782667160034, 13.88888931274414), (-3.25, -98.93206787109375, 4.71238899230957, 13.88888931274414)])
(11.866666666666667, [(3.25, 39.82196044921875, 1.5707963705062866, 13.88888931274414), (-13.326133910024161, 3.25, 3.141592653589793, 13.88888888888889), (-6.921992778778076, -3.248274326324463, 0.00703906174749136, 2.7969717979431152), (-69.18026733398438, 3.2506659030914307, 3.143376350402832, 13.88888931274414), (-3.25, -99.8210678100586, 4.71238899230957, 13.88888931274414)])
(11.933333333333334, [(3.25, 40.74666976928711, 1.5707963705062866, 13.88888931274414), (-14.252313928343185, 3.25, 3.141592653589793, 13.88888888888889), (-6.734189033508301, -3.246952533721924, 0.012083951383829117, 3.1998538970947266), (-70.11087036132812, 3.2490060329437256, 3.1397805213928223, 13.88888931274414), (-3.25, -100.75047302246094, 4.71238899230957, 13.88888931274414)])
(12.0, [(3.25, 41.672847747802734, 1.5707963705062866, 13.88888931274414), (-15.17917608870797, 3.25, 3.141592653589793, 13.88888888888889), (-6.520998001098633, -3.2443761825561523, 0.01980672776699066, 3.5996346473693848), (-71.04084014892578, 3.2506911754608154, 3.1433629989624023, 13.88888931274414), (-3.25, -101.67913818359375, 4.71238899230957, 13.88888931274414)])
(12.066666666666666, [(3.25, 42.598846435546875, 1.5707963705062866, 13.88888931274414), (-16.104299780266807, 3.25, 3.141592653589793, 13.88888888888889), (-6.280917167663574, -3.2396202087402344, 0.031027283519506454, 3.9998888969421387), (-71.95868682861328, 3.2490663528442383, 3.1397950649261475, 13.88888931274414), (-3.25, -102.59845733642578, 4.71238899230957, 13.88888931274414)])
(12.133333333333333, [(3.25, 43.52433395385742, 1.5707963705062866, 13.88888931274414), (-17.02860556364456, 3.25, 3.141592653589793, 13.88888888888889), (-6.016759872436523, -3.23142147064209, 0.04667430743575096, 4.396326541900635), (-72.88786315917969, 3.2507364749908447, 3.143360137939453, 13.88888931274414), (-3.25, -103.52459716796875, 4.71238899230957, 13.88888931274414)])
(12.2, [(3.25, 44.451072692871094, 1.5707963705062866, 13.88888931274414), (-17.955384939780494, 3.25, 3.141592653589793, 13.88888888888889), (-5.723365783691406, -3.2177176475524902, 0.06771732866764069, 4.79718017578125), (-73.81436157226562, 3.249099016189575, 3.139806032180786, 13.88888931274414), (-3.25, -104.45413970947266, 4.71238899230957, 13.88888931274414)])
(12.266666666666667, [(3.25, 45.3760986328125, 1.5707963705062866, 13.88888931274414), (-18.881174216539325, 3.25, 3.141592653589793, 13.88888888888889), (-5.39523458480835, -3.1954634189605713, 0.09558187425136566, 5.2085280418396), (-74.73595428466797, 3.2507455348968506, 3.1433475017547607, 13.88888931274414), (-3.25, -105.3761978149414, 4.71238899230957, 13.88888931274414)])
(12.333333333333334, [(3.25, 46.365055084228516, 1.5707963705062866, 13.88888931274414), (-19.809301319921012, 3.25, 3.141592653589793, 13.88888888888889), (-5.055959224700928, -3.162935733795166, 0.12975576519966125, 5.6011505126953125), (-75.66319274902344, 3.2491183280944824, 3.139814615249634, 13.88888931274414), (-3.25, -106.3024673461914, 4.71238899230957, 13.88888931274414)])
(12.4, [(3.25, 47.229583740234375, 1.5707963705062866, 13.88888931274414), (-20.733646839728614, 3.25, 3.141592653589793, 13.88888888888889), (-4.689307689666748, -3.1150918006896973, 0.17077334225177765, 5.9972405433654785), (-76.5947036743164, 3.250774621963501, 3.1433451175689697, 13.88888931274414), (-3.25, -107.23081970214844, 4.71238899230957, 13.88888931274414)])
(12.466666666666667, [(3.25, 48.1545295715332, 1.5707963705062866, 13.88888931274414), (-21.659078488618793, 3.25, 3.141592653589793, 13.88888888888889), (-4.292740821838379, -3.0467026233673096, 0.2199491262435913, 6.39984655380249), (-77.51383972167969, 3.249163866043091, 3.1398332118988037, 13.88888931274414), (-3.25, -108.15403747558594, 4.71238899230957, 13.88888931274414)])
(12.533333333333333, [(3.25, 49.08152770996094, 1.5707963705062866, 13.88888931274414), (-22.585440632241298, 3.25, 3.141592653589793, 13.88888888888889), (-3.8783841133117676, -2.954066514968872, 0.27576467394828796, 6.797904968261719), (-78.4447250366211, 3.2508015632629395, 3.143343210220337, 13.88888931274414), (-3.25, -109.08413696289062, 4.71238899230957, 13.88888931274414)])
(12.6, [(3.25, 50.00709915161133, 1.5707963705062866, 13.88888931274414), (-23.512272990283698, 3.25, 3.141592653589793, 13.88888888888889), (-3.443463087081909, -2.8309950828552246, 0.3371897339820862, 7.196850299835205), (-79.37461853027344, 3.249173879623413, 3.139841318130493, 13.88888931274414), (-3.25, -110.0102767944336, 4.71238899230957, 13.88888931274414)])
(12.666666666666666, [(3.25, 50.932960510253906, 1.5707963705062866, 13.88888931274414), (-24.437204622431594, 3.25, 3.141592653589793, 13.88888888888889), (-2.9869120121002197, -2.67093825340271, 0.4034319818019867, 7.600188732147217), (-80.29175567626953, 3.2507801055908203, 3.1433262825012207, 13.88888931274414), (-3.25, -110.93194580078125, 4.71238899230957, 13.88888931274414)])
(12.733333333333333, [(3.25, 51.85921096801758, 1.5707963705062866, 13.88888931274414), (-25.36314953354067, 3.25, 3.141592653589793, 13.88888888888889), (-2.5231447219848633, -2.4729816913604736, 0.47250697016716003, 7.998270034790039), (-81.2220458984375, 3.2491674423217773, 3.139845848083496, 13.88888931274414), (-3.25, -111.8619613647461, 4.71238899230957, 13.88888931274414)])
(12.8, [(3.25, 52.78388977050781, 1.5707963705062866, 13.88888931274414), (-26.290286537545256, 3.25, 3.141592653589793, 13.88888888888889), (-2.046326160430908, -2.2292683124542236, 0.5424791574478149, 8.39997673034668), (-82.15345001220703, 3.2507941722869873, 3.143321990966797, 13.88888931274414), (-3.25, -112.7895278930664, 4.71238899230957, 13.88888931274414)])
(12.866666666666667, [(3.25, 53.709720611572266, 1.5707963705062866, 13.88888931274414), (-27.215257906123, 3.25, 3.141592653589793, 13.88888888888889), (-1.5666371583938599, -1.9401097297668457, 0.6122521758079529, 8.800050735473633), (-83.06969451904297, 3.2492098808288574, 3.1398658752441406, 13.88888931274414), (-3.25, -113.70948028564453, 4.71238899230957, 13.88888931274414)])
(12.933333333333334, [(3.25, 54.638694763183594, 1.5707963705062866, 13.88888931274414), (-28.148467961156367, 3.25, 3.141592653589793, 13.88888888888889), (-1.0879769325256348, -1.6039577722549438, 0.6798682808876038, 9.198846817016602), (-83.99852752685547, 3.2508137226104736, 3.1433191299438477, 13.88888931274414), (-3.25, -114.63504028320312, 4.71238899230957, 13.88888931274414)])
(13.0, [(3.25, 55.56243133544922, 1.5707963705062866, 13.88888931274414), (-29.066578172846633, 3.25, 3.141592653589793, 13.88888888888889), (-0.610450804233551, -1.2179049253463745, 0.7461182475090027, 9.599370002746582), (-84.92166137695312, 3.2492198944091797, 3.1398773193359375, 13.88888931274414), (-3.25, -115.56676483154297, 4.71238899230957, 13.88888931274414)])
(13.066666666666666, [(3.25, 56.4876823425293, 1.5707963705062866, 13.88888931274414), (-29.99280123896466, 3.25, 3.141592653589793, 13.88888888888889), (-0.14168444275856018, -0.784590482711792, 0.8090060949325562, 9.998371124267578), (-85.84748077392578, 3.250807762145996, 3.143310308456421, 13.88888931274414), (-3.25, -116.48735809326172, 4.71238899230957, 13.88888931274414)])
(13.133333333333333, [(3.25, 57.41411209106445, 1.5707963705062866, 13.88888931274414), (-30.920037584043868, 3.25, 3.141592653589793, 13.88888888888889), (0.31708401441574097, -0.303632915019989, 0.8698102235794067, 10.397239685058594), (-86.77928924560547, 3.2492072582244873, 3.139880895614624, 13.88888931274414), (-3.25, -117.41757202148438, 4.71238899230957, 13.88888931274414)])
(13.2, [(3.25, 58.34037780761719, 1.5707963705062866, 13.88888931274414), (-31.844551983678336, 3.25, 3.141592653589793, 13.88888888888889), (0.7663931250572205, 0.22873932123184204, 0.9297354221343994, 10.799249649047852), (-87.7012710571289, 3.2507855892181396, 3.143296003341675, 13.88888931274414), (-3.25, -118.34415435791016, 4.71238899230957, 13.88888931274414)])
(13.266666666666667, [(3.25, 59.26634979248047, 1.5707963705062866, 13.88888931274414), (-32.77054987669388, 3.25, 3.141592653589793, 13.88888888888889), (1.194595456123352, 0.8025876879692078, 0.9879281520843506, 11.197056770324707), (-88.62679290771484, 3.249208927154541, 3.139890193939209, 13.88888931274414), (-3.25, -119.26467895507812, 4.71238899230957, 13.88888931274414)])
(13.333333333333334, [(3.25, 60.19266891479492, 1.5707963705062866, 13.88888931274414), (-33.69652459012534, 3.25, 3.141592653589793, 13.88888888888889), (1.6068447828292847, 1.4278942346572876, 1.0477838516235352, 11.598396301269531), (-89.55701446533203, 3.2507927417755127, 3.143292188644409, 13.88888931274414), (-3.25, -120.1952896118164, 4.71238899230957, 13.88888931274414)])
(13.4, [(3.25, 61.11719512939453, 1.5707963705062866, 13.88888931274414), (-34.62187014341751, 3.25, 3.141592653589793, 13.88888888888889), (1.9955110549926758, 2.101996660232544, 1.1100969314575195, 12.000929832458496), (-90.48577880859375, 3.2492141723632812, 3.1398983001708984, 13.88888931274414), (-3.25, -121.12334442138672, 4.71238899230957, 13.88888931274414)])
(13.466666666666667, [(3.25, 62.04412841796875, 1.5707963705062866, 13.88888931274414), (-35.548341562222106, 3.25, 3.141592653589793, 13.88888888888889), (2.3484745025634766, 2.813157558441162, 1.1769146919250488, 12.327838897705078), (-91.40428924560547, 3.250770330429077, 3.1432766914367676, 13.88888931274414), (-3.25, -122.04240417480469, 4.71238899230957, 13.88888931274414)])
(13.533333333333333, [(3.25, 62.969295501708984, 1.5707963705062866, 13.88888931274414), (-36.47462092161575, 3.25, 3.141592653589793, 13.88888888888889), (2.6658756732940674, 3.576876163482666, 1.2497773170471191, 12.654340744018555), (-92.33611297607422, 3.2492012977600098, 3.139901876449585, 13.88888931274414), (-3.25, -122.97681427001953, 4.71238899230957, 13.88888931274414)])
(13.6, [(3.25, 63.89483642578125, 1.5707963705062866, 13.88888931274414), (-37.40147977061139, 3.25, 3.141592653589793, 13.88888888888889), (2.93320631980896, 4.380827903747559, 1.3296563625335693, 12.980570793151855), (-93.26641845703125, 3.250774383544922, 3.143270492553711, 13.88888931274414), (-3.25, -123.90474700927734, 4.71238899230957, 13.88888931274414)])
(13.666666666666666, [(3.25, 64.82292175292969, 1.5707963705062866, 13.88888931274414), (-38.326716048721465, 3.25, 3.141592653589793, 13.88888888888889), (3.1383228302001953, 5.214888095855713, 1.391107439994812, 13.303360939025879), (-94.1826400756836, 3.249237060546875, 3.139921188354492, 13.88888931274414), (-3.25, -124.82086944580078, 4.71238899230957, 13.88888931274414)])
(13.733333333333333, [(3.25, 65.74661254882812, 1.5707963705062866, 13.88888931274414), (-39.252925869362876, 3.25, 3.141592653589793, 13.88888888888889), (3.2963662147521973, 6.084939479827881, 1.4490684270858765, 13.62772274017334), (-95.11550903320312, 3.250796318054199, 3.1432714462280273, 13.88888931274414), (-3.25, -125.75536346435547, 4.71238899230957, 13.88888931274414)])
(13.8, [(3.25, 66.67221069335938, 1.5707963705062866, 13.88888931274414), (-40.177119066189384, 3.25, 3.141592653589793, 13.88888888888889), (3.4063260555267334, 6.983799457550049, 1.4902533292770386, 13.88888931274414), (-96.03671264648438, 3.2492496967315674, 3.1399340629577637, 13.88888931274414), (-3.25, -126.67639923095703, 4.71238899230957, 13.88888931274414)])
(13.866666666666667, [(3.25, 67.59870910644531, 1.5707963705062866, 13.88888931274414), (-41.15725784487591, 3.25, 3.141592653589793, 13.88888888888889), (3.481001615524292, 7.908944129943848, 1.5279401540756226, 13.88888931274414), (-96.96034240722656, 3.250781774520874, 3.143256902694702, 13.88888931274414), (-3.25, -127.59879302978516, 4.71238899230957, 13.88888931274414)])
(13.933333333333334, [(3.25, 68.52452850341797, 1.5707963705062866, 13.88888931274414), (-42.02919101371102, 3.25, 3.141592653589793, 13.88888888888889), (3.5209741592407227, 8.841089248657227, 1.5498474836349487, 13.88888931274414), (-97.88294982910156, 3.249246120452881, 3.139939785003662, 13.88888931274414), (-3.25, -128.52859497070312, 4.71238899230957, 13.88888931274414)])
(14.0, [(3.25, 69.45138549804688, 1.5707963705062866, 13.88888931274414), (-43.005703843173706, 3.25, 3.141592653589793, 13.88888888888889), (3.5402445793151855, 9.760831832885742, 1.5724155902862549, 13.88888931274414), (-98.81253051757812, 3.2507827281951904, 3.1432509422302246, 13.88888931274414), (-3.25, -129.44940185546875, 4.71238899230957, 13.88888931274414)])
(14.066666666666666, [(3.25, 70.37667846679688, 1.5707963705062866, 13.88888931274414), (-43.88185569631125, 3.25, 3.141592653589793, 13.88888888888889), (3.538745880126953, 10.686327934265137, 1.582291603088379, 13.88888931274414), (-99.73609924316406, 3.249251127243042, 3.1399495601654053, 13.88888931274414), (-3.25, -130.3762664794922, 4.71238899230957, 13.88888931274414)])
(14.133333333333333, [(3.25, 71.3035659790039, 1.5707963705062866, 13.88888931274414), (-44.80784365521933, 3.25, 3.141592653589793, 13.88888888888889), (3.528062582015991, 11.615655899047852, 1.5949651002883911, 13.88888931274414), (-100.66914367675781, 3.250784158706665, 3.1432456970214844, 13.88888931274414), (-3.25, -131.3063507080078, 4.71238899230957, 13.88888931274414)])
(14.2, [(3.25, 72.22926330566406, 1.5707963705062866, 13.88888931274414), (-45.77112094217273, 3.25, 3.141592653589793, 13.88888888888889), (3.505741834640503, 12.539012908935547, 1.5966336727142334, 13.88888931274414), (-101.58831787109375, 3.249264717102051, 3.139974594116211, 13.88888931274414), (-3.25, -132.22802734375, 4.71238899230957, 13.88888931274414)])
(14.266666666666667, [(3.25, 73.1552963256836, 1.5707963705062866, 13.88888931274414), (-46.659538106657386, 3.25, 3.141592653589793, 13.88888888888889), (3.481679677963257, 13.470104217529297, 1.6031028032302856, 13.88888931274414), (-102.51155853271484, 3.250758409500122, 3.143242120742798, 13.88888931274414), (-3.25, -133.1953125, 4.71238899230957, 13.88888931274414)])
(14.333333333333334, [(3.25, 74.08111572265625, 1.5707963705062866, 13.88888931274414), (-47.585592292948554, 3.25, 3.141592653589793, 13.88888888888889), (3.4520175457000732, 14.387930870056152, 1.59975266456604, 13.88888931274414), (-103.44380187988281, 3.249220848083496, 3.1399667263031006, 13.88888931274414), (-3.25, -134.0845947265625, 4.71238899230957, 13.88888931274414)])
(14.4, [(3.25, 75.00660705566406, 1.5707963705062866, 13.88888931274414), (-48.51209351407554, 3.25, 3.141592653589793, 13.88888888888889), (3.4249796867370605, 15.321414947509766, 1.602856993675232, 13.88888931274414), (-104.37232971191406, 3.250730514526367, 3.1432242393493652, 13.88888931274414), (-3.25, -135.01016235351562, 4.71238899230957, 13.88888931274414)])
(14.466666666666667, [(3.25, 75.93287658691406, 1.5707963705062866, 13.88888931274414), (-49.43731323533985, 3.25, 3.141592653589793, 13.88888888888889), (3.3956382274627686, 16.236289978027344, 1.5968137979507446, 13.88888931274414), (-105.29195404052734, 3.249230146408081, 3.1399741172790527, 13.88888931274414), (-3.25, -135.93185424804688, 4.71238899230957, 13.88888931274414)])
(14.533333333333333, [(3.25, 76.85829162597656, 1.5707963705062866, 13.88888931274414), (-50.36280117750565, 3.25, 3.141592653589793, 13.88888888888889), (3.3713274002075195, 17.170475006103516, 1.5984179973602295, 13.88888931274414), (-106.21977233886719, 3.250731945037842, 3.143214702606201, 13.88888931274414), (-3.25, -136.86050415039062, 4.71238899230957, 13.88888931274414)])
(14.6, [(3.25, 77.7846908569336, 1.5707963705062866, 13.88888931274414), (-51.288646747540106, 3.25, 3.141592653589793, 13.88888888888889), (3.345797300338745, 18.094524383544922, 1.591253638267517, 13.88888931274414), (-107.14796447753906, 3.2492263317108154, 3.13997745513916, 13.88888931274414), (-3.25, -137.78663635253906, 4.71238899230957, 13.88888931274414)])
(14.666666666666666, [(3.25, 78.71028900146484, 1.5707963705062866, 13.88888931274414), (-52.21439959923824, 3.25, 3.141592653589793, 13.88888888888889), (3.3269829750061035, 19.014080047607422, 1.592442274093628, 13.88888931274414), (-108.09783935546875, 3.250760316848755, 3.1432197093963623, 13.88888931274414), (-3.25, -138.7119903564453, 4.71238899230957, 13.88888931274414)])
(14.733333333333333, [(3.25, 79.6368637084961, 1.5707963705062866, 13.88888931274414), (-53.141510112289595, 3.25, 3.141592653589793, 13.88888888888889), (3.3067917823791504, 19.94672393798828, 1.5852279663085938, 13.88888931274414), (-108.99604797363281, 3.2492990493774414, 3.1400086879730225, 13.88888931274414), (-3.25, -139.64044189453125, 4.71238899230957, 13.88888931274414)])
(14.8, [(3.25, 80.5619888305664, 1.5707963705062866, 13.88888931274414), (-54.066759635876295, 3.25, 3.141592653589793, 13.88888888888889), (3.293511390686035, 20.866891860961914, 1.5865700244903564, 13.88888931274414), (-109.93629455566406, 3.250788450241089, 3.143221139907837, 13.88888931274414), (-3.25, -140.565673828125, 4.71238899230957, 13.88888931274414)])
(14.866666666666667, [(3.25, 81.48845672607422, 1.5707963705062866, 13.88888931274414), (-54.99277408573761, 3.25, 3.141592653589793, 13.88888888888889), (3.2788076400756836, 21.79897117614746, 1.5798017978668213, 13.88888931274414), (-110.8447265625, 3.2493088245391846, 3.1400227546691895, 13.88888931274414), (-3.25, -141.48721313476562, 4.71238899230957, 13.88888931274414)])
(14.933333333333334, [(3.25, 82.4142074584961, 1.5707963705062866, 13.88888931274414), (-55.920258783503385, 3.25, 3.141592653589793, 13.88888888888889), (3.270477533340454, 22.723976135253906, 1.5816237926483154, 13.88888931274414), (-111.77347564697266, 3.2507669925689697, 3.143207311630249, 13.88888931274414), (-3.25, -142.41847229003906, 4.71238899230957, 13.88888931274414)])
(15.0, [(3.25, 83.34027862548828, 1.5707963705062866, 13.88888931274414), (-56.844634105633375, 3.25, 3.141592653589793, 13.88888888888889), (3.2604219913482666, 23.652645111083984, 1.5754690170288086, 13.88888931274414), (-112.72175598144531, 3.2492361068725586, 3.140002965927124, 13.88888931274414), (-3.25, -143.34326171875, 4.71238899230957, 13.88888931274414)])
(15.066666666666666, [(3.25, 84.26554107666016, 1.5707963705062866, 13.88888931274414), (-57.77317513015934, 3.25, 3.141592653589793, 13.88888888888889), (3.256110668182373, 24.575313568115234, 1.5778720378875732, 13.88888931274414), (-113.6236801147461, 3.2506699562072754, 3.143167018890381, 13.88888931274414), (-3.25, -144.2654266357422, 4.71238899230957, 13.88888931274414)])
