(0.05, [(-3.25, 124.30238342285156, 4.71238899230957, 13.88888931274414), (3.25, -74.30287069744534, 1.5707963267948966, 13.88888888888889)], (1, 'left', 'stop'))
(0.1, [(-3.25, 123.60836791992188, 4.71238899230957, 13.88888931274414), (3.25, -73.60743681589763, 1.5707963267948966, 13.88888888888889)], (1, 'left', 'stop'))
(0.15, [(-3.25, 122.91404724121094, 4.71238899230957, 13.88888931274414), (3.25, -72.913658618927, 1.5707963267948966, 13.88888888888889)], (1, 'left', 'stop'))
(0.2, [(-3.25, 122.21544647216797, 4.71238899230957, 13.88888931274414), (3.25, -72.21957356841476, 1.5707963267948966, 13.88888888888889)], (1, 'left', 'stop'))
(0.25, [(-3.25, 121.52496337890625, 4.71238899230957, 13.88888931274414), (3.25, -71.52523243868792, 1.5707963267948966, 13.88888888888889)], (1, 'left', 'stop'))
(0.3, [(-3.25, 120.8307113647461, 4.71238899230957, 13.88888931274414), (3.25, -70.83075885419493, 1.5707963267948966, 13.88888888888889)], (1, 'left', 'stop'))
(0.35, [(-3.25, 120.13639831542969, 4.71238899230957, 13.88888931274414), (3.25, -70.13629630759911, 1.5707963267948966, 13.88888888888889)], (1, 'left', 'stop'))
(0.4, [(-3.25, 119.4417495727539, 4.71238899230957, 13.88888931274414), (3.25, -69.44191764902186, 1.5707963267948966, 13.88888888888889)], (1, 'left', 'stop'))
(0.45, [(-3.25, 118.74734497070312, 4.71238899230957, 13.88888931274414), (3.25, -68.74733368555705, 1.5707963267948966, 13.88888888888889)], (1, 'left', 'stop'))
(0.5, [(-3.25, 118.05292510986328, 4.71238899230957, 13.88888931274414), (3.25, -68.05294398908262, 1.5707963267948966, 13.88888888888889)], (1, 'left', 'stop'))
(0.55, [(-3.25, 117.3583755493164, 4.71238899230957, 13.88888931274414), (3.25, -67.35843508331864, 1.5707963267948966, 13.88888888888889)], (1, 'left', 'stop'))
(0.6, [(-3.25, 116.66381072998047, 4.71238899230957, 13.88888931274414), (3.25, -66.6640939535918, 1.5707963267948966, 13.88888888888889)], (1, 'left', 'stop'))
(0.7, [(-3.25, 115.27509307861328, 4.71238899230957, 13.88888931274414), (3.25, -65.27515782250298, 1.5707963267948966, 13.88888888888889)], (1, 'left', 'stop'))
(0.75, [(-3.25, 114.58070373535156, 4.71238899230957, 13.88888931274414), (3.25, -64.58077916392573, 1.5707963267948966, 13.88888888888889)], (1, 'left', 'stop'))
(0.8, [(-3.25, 113.88555145263672, 4.71238899230957, 13.88888931274414), (3.25, -63.886250389946824, 1.5707963267948966, 13.88888888888889)], (1, 'left', 'stop'))
(0.85, [(-3.25, 113.19143676757812, 4.71238899230957, 13.88888931274414), (3.25, -63.19181433430423, 1.5707963267948966, 13.88888888888889)], (1, 'left', 'stop'))
(0.9, [(-3.25, 112.49708557128906, 4.71238899230957, 13.88888931274414), (3.25, -62.497453336362476, 1.5707963267948966, 13.88888888888889)], (1, 'left', 'stop'))
(1.0, [(-3.25, 111.10820007324219, 4.71238899230957, 13.88888931274414), (3.25, -61.104435390896256, 1.5707963267948966, 13.88888888888889)], (1, 'left', 'stop'))
(1.05, [(-3.25, 110.41407012939453, 4.71238899230957, 13.88888931274414), (3.25, -60.29850995099102, 1.5707963267948966, 13.88888888888889)], (1, 'left', 'stop'))
(1.1, [(-3.25, 109.71944427490234, 4.71238899230957, 13.88888931274414), (3.25, -59.68154668807982, 1.5707963267948966, 13.88888888888889)], (1, 'left', 'stop'))
(1.2, [(-3.25, 108.33058166503906, 4.71238899230957, 13.88888931274414), (3.25, -58.207945470456714, 1.5707963267948966, 13.88888888888889)], (1, 'left', 'stop'))
(1.25, [(-3.25, 107.63607788085938, 4.71238899230957, 13.88888931274414), (3.25, -57.634268425129065, 1.5707963267948966, 13.88888888888889)], (1, 'left', 'stop'))
(1.35, [(-3.25, 106.23666381835938, 4.71238899230957, 13.88888931274414), (3.25, -56.231786586620174, 1.5707963267948966, 13.88888888888889)], (1, 'left', 'stop'))
(1.4, [(-3.25, 105.55180358886719, 4.71238899230957, 13.88888931274414), (3.25, -55.55174174132169, 1.5707963267948966, 13.88888888888889)], (1, 'left', 'stop'))
(1.45, [(-3.25, 104.83563232421875, 4.71238899230957, 13.88888931274414), (3.25, -54.85857504385488, 1.5707963267948966, 13.88888888888889)], (1, 'left', 'stop'))
(1.55, [(-3.25, 103.4693374633789, 4.71238899230957, 13.88888931274414), (3.25, -53.459362630490894, 1.5707963267948966, 13.88888888888889)], (1, 'left', 'stop'))
(1.6, [(-3.25, 102.77454376220703, 4.71238899230957, 13.88888931274414), (3.25, -52.753036552005334, 1.5707963267948966, 13.88888888888889)], (1, 'left', 'stop'))
(1.65, [(-3.25, 102.08033752441406, 4.71238899230957, 13.88888931274414), (3.25, -52.080342946229145, 1.5707963267948966, 13.88888888888889)], (1, 'left', 'stop'))
(1.75, [(-3.25, 100.69132232666016, 4.71238899230957, 13.88888931274414), (3.25, -50.691751197532355, 1.5707963267948966, 13.88888888888889)], (1, 'left', 'stop'))
(1.8, [(-3.25, 99.99699401855469, 4.71238899230957, 13.88888931274414), (3.25, -49.996990627712655, 1.5707963267948966, 13.88888888888889)], (1, 'left', 'stop'))
(1.85, [(-3.25, 99.30258178710938, 4.71238899230957, 13.88888931274414), (3.25, -49.30289012414436, 1.5707963267948966, 13.88888888888889)], (1, 'left', 'stop'))
(1.95, [(-3.25, 97.91361999511719, 4.71238899230957, 13.88888931274414), (3.25, -47.91400918254144, 1.5707963267948966, 13.88888888888889)], (1, 'left', 'stop'))
(2.0, [(-3.25, 97.21945190429688, 4.71238899230957, 13.88888931274414), (3.25, -47.21952897531013, 1.5707963267948966, 13.88888888888889)], (1, 'left', 'stop'))
(2.05, [(-3.25, 96.5248031616211, 4.71238899230957, 13.88888931274414), (3.25, -46.47789045616431, 1.5707963267948966, 13.88888888888889)], (1, 'left', 'stop'))
(2.1, [(-3.25, 95.8304214477539, 4.71238899230957, 13.88888931274414), (3.25, -45.83066790192214, 1.5707963267948966, 13.88888888888889)], (1, 'left', 'stop'))
(2.2, [(-3.25, 94.44154357910156, 4.71238899230957, 13.88888931274414), (3.25, -44.44183331948738, 1.5707963267948966, 13.88888888888889)], (1, 'left', 'stop'))
(2.25, [(-3.25, 93.74273681640625, 4.71238899230957, 13.88888931274414), (3.25, -43.74726039391975, 1.5707963267948966, 13.88888888888889)], (1, 'left', 'stop'))
(2.3, [(-3.25, 93.05271911621094, 4.71238899230957, 13.88888931274414), (3.25, -43.05298107641713, 1.5707963267948966, 13.88888888888889)], (1, 'left', 'stop'))
(2.35, [(-3.25, 92.35814666748047, 4.71238899230957, 13.88888931274414), (3.25, -42.358573719307216, 1.5707963267948966, 13.88888888888889)], (1, 'left', 'stop'))
(2.45, [(-3.25, 90.96955108642578, 4.71238899230957, 13.88888931274414), (3.25, -40.96963979579783, 1.5707963267948966, 13.88888888888889)], (1, 'left', 'stop'))
(2.5, [(-3.25, 90.27470397949219, 4.71238899230957, 13.88888931274414), (3.25, -40.2638347060592, 1.5707963267948966, 13.88888888888889)], (1, 'left', 'stop'))
(2.55, [(-3.25, 89.58036804199219, 4.71238899230957, 13.88888931274414), (3.25, -39.58080521336307, 1.5707963267948966, 13.88888888888889)], (1, 'left', 'stop'))
(2.65, [(-3.25, 88.19170379638672, 4.71238899230957, 13.88888931274414), (3.25, -38.18158396968134, 1.5707963267948966, 13.88888888888889)], (1, 'left', 'stop'))
(2.7, [(-3.25, 87.49578094482422, 4.71238899230957, 13.88888931274414), (3.25, -37.403758808418544, 1.5707963267948966, 13.88888888888889)], (1, 'left', 'stop'))
(2.75, [(-3.25, 86.79409790039062, 4.71238899230957, 13.88888931274414), (3.25, -36.77242641095761, 1.5707963267948966, 13.88888888888889)], (1, 'left', 'stop'))
(2.85, [(-3.25, 85.41365051269531, 4.71238899230957, 13.88888931274414), (3.25, -35.40383312437268, 1.5707963267948966, 13.88888888888889)], (1, 'left', 'stop'))
(2.9, [(-3.25, 84.71928405761719, 4.71238899230957, 13.88888931274414), (3.25, -34.644547215214466, 1.5707963267948966, 13.88888888888889)], (1, 'left', 'stop'))
(3.0, [(-3.25, 83.33036041259766, 4.71238899230957, 13.88888931274414), (3.25, -33.330631256103494, 1.5707963267948966, 13.88888888888889)], (1, 'left', 'stop'))
(3.05, [(-3.25, 82.63607025146484, 4.71238899230957, 13.88888931274414), (3.25, -32.63616650192824, 1.5707963267948966, 13.88888888888889)], (1, 'left', 'stop'))
(3.1, [(-3.25, 81.94119262695312, 4.71238899230957, 13.88888931274414), (3.25, -31.941860693472382, 1.5707963267948966, 13.88888888888889)], (1, 'left', 'stop'))
(3.2, [(-3.25, 80.55055236816406, 4.71238899230957, 13.88888931274414), (3.25, -30.551909075842943, 1.5707963267948966, 13.88888888888889)], (1, 'left', 'stop'))
(3.25, [(-3.25, 79.85796356201172, 4.71238899230957, 13.88888931274414), (3.25, -29.85837150503086, 1.5707963267948966, 13.88888888888889)], (1, 'left', 'stop'))
(3.35, [(-3.25, 78.46040344238281, 4.71238899230957, 13.88888931274414), (3.25, -28.46900048079312, 1.5707963267948966, 13.88888888888889)], (1, 'left', 'stop'))
(3.4, [(-3.25, 77.77458953857422, 4.71238899230957, 13.88888931274414), (3.25, -27.757972258108612, 1.5707963267948966, 13.88888888888889)], (1, 'left', 'stop'))
(3.5, [(-3.25, 76.38591003417969, 4.71238899230957, 13.88888931274414), (3.25, -26.366713753452984, 1.5707963267948966, 13.735615659100608)], (1, 'left', 'stop'))
(3.55, [(-3.25, 75.69117736816406, 4.71238899230957, 13.88888931274414), (3.25, -25.69556436981093, 1.5707963267948966, 13.489093509132086)], (1, 'left', 'stop'))
(3.65, [(-3.25, 74.30266571044922, 4.71238899230957, 13.88888931274414), (3.25, -24.317727194241257, 1.5707963267948966, 12.968318007452336)], (1, 'left', 'stop'))
(3.7, [(-3.25, 73.59617614746094, 4.71238899230957, 13.88888931274414), (3.25, -23.690952036026996, 1.5707963267948966, 12.724367188990971)], (1, 'left', 'stop'))
(3.75, [(-3.25, 72.9132308959961, 4.71238899230957, 13.88888931274414), (3.25, -23.074379678711203, 1.5707963267948966, 12.479735445397557)], (1, 'left', 'stop'))
(3.85, [(-3.25, 71.52507019042969, 4.71238899230957, 13.88888931274414), (3.25, -21.80637628282787, 1.5707963267948966, 11.960926503757083)], (1, 'left', 'stop'))
(3.9, [(-3.25, 70.83062744140625, 4.71238899230957, 13.88888931274414), (3.25, -21.242721165059677, 1.5707963267948966, 11.722935283050775)], (1, 'left', 'stop'))
(3.95, [(-3.25, 70.1361312866211, 4.71238899230957, 13.88888931274414), (3.25, -20.655536164362257, 1.5707963267948966, 11.46975856954376)], (1, 'left', 'stop'))
(4.0, [(-3.25, 69.4410629272461, 4.71238899230957, 13.88888931274414), (3.25, -20.058933179075492, 1.5707963267948966, 11.206664614895676)], (1, 'left', 'stop'))
(4.1, [(-3.25, 68.05290222167969, 4.71238899230957, 13.88888931274414), (3.25, -18.9738995352425, 1.5707963267948966, 10.711628977537686)], (1, 'left', 'stop'))
(4.15, [(-3.25, 67.35832977294922, 4.71238899230957, 13.88888931274414), (3.25, -18.427021209999992, 1.5707963267948966, 10.453239311333114)], (1, 'left', 'stop'))
(4.25, [(-3.25, 65.96949768066406, 4.71238899230957, 13.88888931274414), (3.25, -17.39933846283488, 1.5707963267948966, 9.949541930578958)], (1, 'left', 'stop'))
(4.3, [(-3.25, 65.27489471435547, 4.71238899230957, 13.88888931274414), (3.25, -16.90710035113037, 1.5707963267948966, 9.699020750122335)], (1, 'left', 'stop'))
(4.35, [(-3.25, 64.5804443359375, 4.71238899230957, 13.88888931274414), (3.25, -16.422543659465326, 1.5707963267948966, 9.445921691113751)], (1, 'left', 'stop'))
(4.45, [(-3.25, 63.18861770629883, 4.71238899230957, 13.88888931274414), (3.25, -15.489846418806323, 1.5707963267948966, 8.938594083415085)], (1, 'left', 'stop'))
(4.5, [(-3.25, 62.497314453125, 4.71238899230957, 13.88888931274414), (3.25, -15.043666587154304, 1.5707963267948966, 8.685428364308983)], (1, 'left', 'stop'))
(4.55, [(-3.25, 61.80180358886719, 4.71238899230957, 13.88888931274414), (3.25, -14.60928583241541, 1.5707963267948966, 8.431658100525313)], (1, 'left', 'stop'))
(4.6, [(-3.25, 61.10811996459961, 4.71238899230957, 13.88888931274414), (3.25, -14.174661407062557, 1.5707963267948966, 8.169860101043689)], (1, 'left', 'stop'))
(4.7, [(-3.25, 59.71950912475586, 4.71238899230957, 13.88888931274414), (3.25, -13.38255271724896, 1.5707963267948966, 7.66978012543316)], (1, 'left', 'stop'))
(4.75, [(-3.25, 59.0250358581543, 4.71238899230957, 13.88888931274414), (3.25, -12.999196346742004, 1.5707963267948966, 7.415656644385577)], (1, 'left', 'stop'))
(4.8, [(-3.25, 58.33049774169922, 4.71238899230957, 13.88888931274414), (3.25, -12.628414457472228, 1.5707963267948966, 7.161294895109571)], (1, 'left', 'stop'))
(4.9, [(-3.25, 56.938629150390625, 4.71238899230957, 13.88888931274414), (3.25, -11.901477300222414, 1.5707963267948966, 6.6343630441982935)], (1, 'left', 'stop'))
(4.95, [(-3.25, 56.247535705566406, 4.71238899230957, 13.88888931274414), (3.25, -11.592324259794285, 1.5707963267948966, 6.397127683417208)], (1, 'left', 'stop'))
